         z	         T	         p	         u	       rho	       CH4	       H2O	        H2	        CO	       CO2	        O2	        N2	
0.0000e+00	1.0732e+03	1.0000e+05	1.0000e-01	3.2524e-01	2.5000e-01	0.0000e+00	0.0000e+00	0.0000e+00	2.5000e-01	0.0000e+00	5.0000e-01	
8.8802e-15	1.0732e+03	1.0000e+05	1.0000e-01	3.2524e-01	2.5000e-01	1.5726e-11	5.9064e-12	3.7358e-11	2.5000e-01	1.5402e-23	5.0000e-01	
8.8811e-11	1.0732e+03	1.0000e+05	1.0000e-01	3.2524e-01	2.5000e-01	1.5744e-07	5.9002e-08	3.7387e-07	2.5000e-01	1.5355e-19	5.0000e-01	
1.7761e-10	1.0732e+03	1.0000e+05	1.0000e-01	3.2524e-01	2.5000e-01	3.1502e-07	1.1793e-07	7.4797e-07	2.5000e-01	3.0660e-19	5.0000e-01	
2.6641e-10	1.0732e+03	1.0000e+05	1.0000e-01	3.2524e-01	2.5000e-01	4.7261e-07	1.7685e-07	1.1221e-06	2.5000e-01	4.5966e-19	5.0000e-01	
4.0231e-10	1.0732e+03	1.0000e+05	1.0000e-01	3.2524e-01	2.5000e-01	7.1443e-07	2.6675e-07	1.6956e-06	2.5000e-01	6.9189e-19	5.0000e-01	
5.3820e-10	1.0732e+03	1.0000e+05	1.0000e-01	3.2524e-01	2.5000e-01	9.5634e-07	3.5660e-07	2.2693e-06	2.5000e-01	9.2388e-19	5.0000e-01	
6.7409e-10	1.0732e+03	1.0000e+05	1.0000e-01	3.2524e-01	2.5000e-01	1.1987e-06	4.4623e-07	2.8437e-06	2.5000e-01	1.1544e-18	5.0000e-01	
9.1535e-10	1.0732e+03	1.0000e+05	1.0000e-01	3.2524e-01	2.5000e-01	1.6299e-06	6.0499e-07	3.8648e-06	2.5000e-01	1.5611e-18	5.0000e-01	
1.3854e-09	1.0732e+03	1.0000e+05	1.0000e-01	3.2524e-01	2.5000e-01	2.4733e-06	9.1282e-07	5.8595e-06	2.4999e-01	2.3437e-18	5.0000e-01	
2.5737e-09	1.0732e+03	1.0000e+05	1.0000e-01	3.2524e-01	2.5000e-01	4.6244e-06	1.6824e-06	1.0931e-05	2.4999e-01	4.2654e-18	5.0000e-01	
3.7619e-09	1.0732e+03	1.0000e+05	1.0000e-01	3.2523e-01	2.4999e-01	6.8023e-06	2.4397e-06	1.6045e-05	2.4999e-01	6.1076e-18	5.0000e-01	
4.4156e-09	1.0732e+03	1.0000e+05	1.0000e-01	3.2523e-01	2.4999e-01	8.0115e-06	2.8512e-06	1.8874e-05	2.4998e-01	7.0877e-18	4.9999e-01	
5.0692e-09	1.0732e+03	1.0000e+05	1.0000e-01	3.2523e-01	2.4999e-01	9.2286e-06	3.2591e-06	2.1716e-05	2.4998e-01	8.0447e-18	4.9999e-01	
5.7229e-09	1.0732e+03	1.0000e+05	1.0000e-01	3.2523e-01	2.4999e-01	1.0453e-05	3.6635e-06	2.4570e-05	2.4998e-01	8.9802e-18	4.9999e-01	
7.0779e-09	1.0732e+03	1.0000e+05	1.0000e-01	3.2523e-01	2.4999e-01	1.3014e-05	4.4907e-06	3.0520e-05	2.4997e-01	1.0852e-17	4.9999e-01	
8.4329e-09	1.0732e+03	1.0000e+05	1.0000e-01	3.2523e-01	2.4998e-01	1.5606e-05	5.3034e-06	3.6517e-05	2.4997e-01	1.2634e-17	4.9999e-01	
9.7879e-09	1.0732e+03	1.0000e+05	1.0000e-01	3.2523e-01	2.4998e-01	1.8228e-05	6.1016e-06	4.2557e-05	2.4996e-01	1.4331e-17	4.9999e-01	
1.1143e-08	1.0732e+03	1.0000e+05	1.0000e-01	3.2523e-01	2.4998e-01	2.0876e-05	6.8861e-06	4.8639e-05	2.4996e-01	1.5948e-17	4.9999e-01	
1.2498e-08	1.0732e+03	1.0000e+05	1.0000e-01	3.2523e-01	2.4998e-01	2.3551e-05	7.6569e-06	5.4760e-05	2.4995e-01	1.7488e-17	4.9998e-01	
1.4748e-08	1.0732e+03	1.0000e+05	1.0000e-01	3.2523e-01	2.4997e-01	2.8049e-05	8.9075e-06	6.5005e-05	2.4994e-01	1.9885e-17	4.9998e-01	
1.6999e-08	1.0732e+03	1.0000e+05	1.0000e-01	3.2522e-01	2.4997e-01	3.2609e-05	1.0122e-05	7.5341e-05	2.4994e-01	2.2095e-17	4.9998e-01	
1.9249e-08	1.0732e+03	1.0000e+05	1.0000e-01	3.2522e-01	2.4996e-01	3.7227e-05	1.1302e-05	8.5756e-05	2.4993e-01	2.4134e-17	4.9998e-01	
2.2644e-08	1.0732e+03	1.0000e+05	1.0001e-01	3.2522e-01	2.4996e-01	4.4290e-05	1.3016e-05	1.0159e-04	2.4991e-01	2.6912e-17	4.9997e-01	
2.6038e-08	1.0732e+03	1.0000e+05	1.0001e-01	3.2522e-01	2.4995e-01	5.1450e-05	1.4655e-05	1.1755e-04	2.4990e-01	2.9378e-17	4.9997e-01	
2.9433e-08	1.0732e+03	1.0000e+05	1.0001e-01	3.2521e-01	2.4994e-01	5.8691e-05	1.6219e-05	1.3360e-04	2.4989e-01	3.1561e-17	4.9996e-01	
3.2827e-08	1.0732e+03	1.0000e+05	1.0001e-01	3.2521e-01	2.4994e-01	6.5996e-05	1.7709e-05	1.4970e-04	2.4987e-01	3.3500e-17	4.9996e-01	
3.8146e-08	1.0732e+03	1.0000e+05	1.0001e-01	3.2521e-01	2.4993e-01	7.7528e-05	1.9898e-05	1.7495e-04	2.4985e-01	3.6126e-17	4.9995e-01	
4.3464e-08	1.0732e+03	1.0000e+05	1.0001e-01	3.2520e-01	2.4992e-01	8.9111e-05	2.1905e-05	2.0013e-04	2.4983e-01	3.8333e-17	4.9994e-01	
4.8783e-08	1.0732e+03	1.0000e+05	1.0001e-01	3.2520e-01	2.4991e-01	1.0068e-04	2.3729e-05	2.2510e-04	2.4981e-01	4.0227e-17	4.9994e-01	
5.4101e-08	1.0732e+03	1.0000e+05	1.0001e-01	3.2519e-01	2.4990e-01	1.1219e-04	2.5360e-05	2.4973e-04	2.4978e-01	4.1867e-17	4.9993e-01	
5.9420e-08	1.0732e+03	1.0000e+05	1.0002e-01	3.2519e-01	2.4989e-01	1.2356e-04	2.6791e-05	2.7390e-04	2.4976e-01	4.3338e-17	4.9992e-01	
6.4738e-08	1.0732e+03	1.0000e+05	1.0002e-01	3.2518e-01	2.4988e-01	1.3474e-04	2.8008e-05	2.9748e-04	2.4974e-01	4.4698e-17	4.9992e-01	
7.0057e-08	1.0732e+03	1.0000e+05	1.0002e-01	3.2518e-01	2.4987e-01	1.4566e-04	2.8997e-05	3.2032e-04	2.4972e-01	4.6007e-17	4.9991e-01	
7.5375e-08	1.0732e+03	1.0000e+05	1.0002e-01	3.2518e-01	2.4986e-01	1.5627e-04	2.9742e-05	3.4229e-04	2.4970e-01	4.7321e-17	4.9991e-01	
8.0694e-08	1.0732e+03	1.0000e+05	1.0002e-01	3.2517e-01	2.4985e-01	1.6650e-04	3.0225e-05	3.6323e-04	2.4969e-01	4.8689e-17	4.9990e-01	
8.6012e-08	1.0732e+03	1.0000e+05	1.0002e-01	3.2517e-01	2.4984e-01	1.7628e-04	3.0428e-05	3.8300e-04	2.4967e-01	5.0156e-17	4.9990e-01	
9.1331e-08	1.0732e+03	1.0000e+05	1.0002e-01	3.2517e-01	2.4984e-01	1.8553e-04	3.0331e-05	4.0141e-04	2.4965e-01	5.1766e-17	4.9989e-01	
9.6649e-08	1.0732e+03	1.0000e+05	1.0002e-01	3.2516e-01	2.4983e-01	1.9419e-04	2.9913e-05	4.1830e-04	2.4964e-01	5.3569e-17	4.9989e-01	
1.0197e-07	1.0732e+03	1.0000e+05	1.0002e-01	3.2516e-01	2.4983e-01	2.0217e-04	2.9152e-05	4.3349e-04	2.4962e-01	5.5621e-17	4.9988e-01	
1.0729e-07	1.0732e+03	1.0000e+05	1.0002e-01	3.2516e-01	2.4982e-01	2.0939e-04	2.8025e-05	4.4681e-04	2.4961e-01	5.7985e-17	4.9988e-01	
1.1260e-07	1.0732e+03	1.0000e+05	1.0002e-01	3.2516e-01	2.4982e-01	2.1577e-04	2.6513e-05	4.5805e-04	2.4960e-01	6.0719e-17	4.9988e-01	
1.1792e-07	1.0732e+03	1.0000e+05	1.0002e-01	3.2516e-01	2.4982e-01	2.2120e-04	2.4597e-05	4.6701e-04	2.4959e-01	6.3879e-17	4.9988e-01	
1.2324e-07	1.0732e+03	1.0000e+05	1.0002e-01	3.2516e-01	2.4981e-01	2.2559e-04	2.2259e-05	4.7346e-04	2.4959e-01	6.7539e-17	4.9988e-01	
1.2325e-07	1.0732e+03	1.0000e+05	1.0002e-01	3.2516e-01	2.4981e-01	2.2560e-04	2.2259e-05	4.7347e-04	2.4959e-01	6.7545e-17	4.9988e-01	
1.2325e-07	1.0732e+03	1.0000e+05	1.0002e-01	3.2516e-01	2.4981e-01	2.2560e-04	2.2261e-05	4.7349e-04	2.4959e-01	6.7547e-17	4.9988e-01	
1.2325e-07	1.0732e+03	1.0000e+05	1.0002e-01	3.2516e-01	2.4981e-01	2.2561e-04	2.2262e-05	4.7350e-04	2.4959e-01	6.7549e-17	4.9988e-01	
1.2326e-07	1.0732e+03	1.0000e+05	1.0002e-01	3.2516e-01	2.4981e-01	2.2562e-04	2.2264e-05	4.7352e-04	2.4959e-01	6.7550e-17	4.9988e-01	
1.2326e-07	1.0732e+03	1.0000e+05	1.0002e-01	3.2516e-01	2.4981e-01	2.2563e-04	2.2266e-05	4.7354e-04	2.4959e-01	6.7551e-17	4.9988e-01	
1.2327e-07	1.0732e+03	1.0000e+05	1.0002e-01	3.2516e-01	2.4981e-01	2.2563e-04	2.2268e-05	4.7355e-04	2.4959e-01	6.7553e-17	4.9988e-01	
1.2327e-07	1.0732e+03	1.0000e+05	1.0002e-01	3.2516e-01	2.4981e-01	2.2565e-04	2.2272e-05	4.7359e-04	2.4959e-01	6.7556e-17	4.9988e-01	
1.2329e-07	1.0732e+03	1.0000e+05	1.0002e-01	3.2516e-01	2.4981e-01	2.2567e-04	2.2278e-05	4.7364e-04	2.4959e-01	6.7561e-17	4.9988e-01	
1.2331e-07	1.0732e+03	1.0000e+05	1.0002e-01	3.2516e-01	2.4981e-01	2.2572e-04	2.2288e-05	4.7374e-04	2.4959e-01	6.7570e-17	4.9988e-01	
1.2336e-07	1.0732e+03	1.0000e+05	1.0002e-01	3.2516e-01	2.4981e-01	2.2581e-04	2.2311e-05	4.7395e-04	2.4959e-01	6.7590e-17	4.9988e-01	
1.2367e-07	1.0732e+03	1.0000e+05	1.0002e-01	3.2516e-01	2.4981e-01	2.2636e-04	2.2444e-05	4.7518e-04	2.4959e-01	6.7703e-17	4.9988e-01	
1.2448e-07	1.0732e+03	1.0000e+05	1.0003e-01	3.2516e-01	2.4981e-01	2.2780e-04	2.2788e-05	4.7841e-04	2.4958e-01	6.7992e-17	4.9987e-01	
1.2529e-07	1.0732e+03	1.0000e+05	1.0003e-01	3.2516e-01	2.4981e-01	2.2925e-04	2.3129e-05	4.8164e-04	2.4958e-01	6.8274e-17	4.9987e-01	
1.2610e-07	1.0732e+03	1.0000e+05	1.0003e-01	3.2516e-01	2.4981e-01	2.3070e-04	2.3463e-05	4.8487e-04	2.4958e-01	6.8543e-17	4.9987e-01	
1.2761e-07	1.0732e+03	1.0000e+05	1.0003e-01	3.2515e-01	2.4981e-01	2.3342e-04	2.4080e-05	4.9093e-04	2.4957e-01	6.9024e-17	4.9987e-01	
1.3067e-07	1.0732e+03	1.0000e+05	1.0003e-01	3.2515e-01	2.4980e-01	2.3891e-04	2.5276e-05	5.0311e-04	2.4956e-01	6.9899e-17	4.9987e-01	
1.3372e-07	1.0732e+03	1.0000e+05	1.0003e-01	3.2515e-01	2.4980e-01	2.4442e-04	2.6415e-05	5.1527e-04	2.4955e-01	7.0656e-17	4.9986e-01	
1.3677e-07	1.0732e+03	1.0000e+05	1.0003e-01	3.2515e-01	2.4979e-01	2.4995e-04	2.7497e-05	5.2742e-04	2.4954e-01	7.1297e-17	4.9986e-01	
1.4031e-07	1.0732e+03	1.0000e+05	1.0003e-01	3.2515e-01	2.4979e-01	2.5638e-04	2.8701e-05	5.4147e-04	2.4953e-01	7.1947e-17	4.9986e-01	
1.4385e-07	1.0732e+03	1.0000e+05	1.0003e-01	3.2514e-01	2.4978e-01	2.6283e-04	2.9842e-05	5.5551e-04	2.4952e-01	7.2470e-17	4.9985e-01	
1.4739e-07	1.0732e+03	1.0000e+05	1.0003e-01	3.2514e-01	2.4977e-01	2.6929e-04	3.0935e-05	5.6953e-04	2.4951e-01	7.2903e-17	4.9985e-01	
1.5315e-07	1.0732e+03	1.0000e+05	1.0003e-01	3.2514e-01	2.4977e-01	2.7985e-04	3.2615e-05	5.9233e-04	2.4949e-01	7.3425e-17	4.9984e-01	
1.5892e-07	1.0732e+03	1.0000e+05	1.0003e-01	3.2513e-01	2.4976e-01	2.9043e-04	3.4198e-05	6.1509e-04	2.4947e-01	7.3778e-17	4.9984e-01	
1.6469e-07	1.0732e+03	1.0000e+05	1.0003e-01	3.2513e-01	2.4975e-01	3.0104e-04	3.5688e-05	6.3779e-04	2.4945e-01	7.3974e-17	4.9983e-01	
1.7045e-07	1.0732e+03	1.0000e+05	1.0003e-01	3.2512e-01	2.4974e-01	3.1166e-04	3.7105e-05	6.6045e-04	2.4943e-01	7.4051e-17	4.9983e-01	
1.7622e-07	1.0732e+03	1.0000e+05	1.0004e-01	3.2512e-01	2.4973e-01	3.2229e-04	3.8459e-05	6.8306e-04	2.4941e-01	7.4035e-17	4.9982e-01	
1.8199e-07	1.0732e+03	1.0000e+05	1.0004e-01	3.2512e-01	2.4972e-01	3.3293e-04	3.9759e-05	7.0563e-04	2.4939e-01	7.3945e-17	4.9981e-01	
1.8775e-07	1.0732e+03	1.0000e+05	1.0004e-01	3.2511e-01	2.4971e-01	3.4356e-04	4.1014e-05	7.2815e-04	2.4937e-01	7.3796e-17	4.9981e-01	
1.9647e-07	1.0732e+03	1.0000e+05	1.0004e-01	3.2511e-01	2.4970e-01	3.5964e-04	4.2836e-05	7.6213e-04	2.4934e-01	7.3481e-17	4.9980e-01	
2.0519e-07	1.0732e+03	1.0000e+05	1.0004e-01	3.2510e-01	2.4968e-01	3.7570e-04	4.4590e-05	7.9600e-04	2.4931e-01	7.3101e-17	4.9979e-01	
2.1391e-07	1.0732e+03	1.0000e+05	1.0004e-01	3.2510e-01	2.4967e-01	3.9174e-04	4.6282e-05	8.2978e-04	2.4928e-01	7.2665e-17	4.9978e-01	
2.2263e-07	1.0732e+03	1.0000e+05	1.0005e-01	3.2509e-01	2.4966e-01	4.0776e-04	4.7927e-05	8.6347e-04	2.4925e-01	7.2199e-17	4.9977e-01	
2.3135e-07	1.0732e+03	1.0000e+05	1.0005e-01	3.2508e-01	2.4964e-01	4.2376e-04	4.9535e-05	8.9706e-04	2.4922e-01	7.1718e-17	4.9976e-01	
2.4007e-07	1.0732e+03	1.0000e+05	1.0005e-01	3.2508e-01	2.4963e-01	4.3972e-04	5.1113e-05	9.3057e-04	2.4919e-01	7.1233e-17	4.9975e-01	
2.4879e-07	1.0732e+03	1.0000e+05	1.0005e-01	3.2507e-01	2.4962e-01	4.5565e-04	5.2666e-05	9.6399e-04	2.4916e-01	7.0749e-17	4.9975e-01	
2.6421e-07	1.0732e+03	1.0000e+05	1.0005e-01	3.2506e-01	2.4960e-01	4.8375e-04	5.5364e-05	1.0229e-03	2.4911e-01	6.9907e-17	4.9973e-01	
2.7964e-07	1.0732e+03	1.0000e+05	1.0006e-01	3.2505e-01	2.4957e-01	5.1174e-04	5.8020e-05	1.0815e-03	2.4906e-01	6.9105e-17	4.9972e-01	
2.9506e-07	1.0732e+03	1.0000e+05	1.0006e-01	3.2504e-01	2.4955e-01	5.3961e-04	6.0639e-05	1.1399e-03	2.4901e-01	6.8336e-17	4.9970e-01	
3.1048e-07	1.0732e+03	1.0000e+05	1.0006e-01	3.2503e-01	2.4953e-01	5.6736e-04	6.3241e-05	1.1980e-03	2.4896e-01	6.7619e-17	4.9968e-01	
3.2591e-07	1.0732e+03	1.0000e+05	1.0007e-01	3.2502e-01	2.4950e-01	5.9498e-04	6.5829e-05	1.2558e-03	2.4891e-01	6.6950e-17	4.9967e-01	
3.4133e-07	1.0732e+03	1.0000e+05	1.0007e-01	3.2501e-01	2.4948e-01	6.2249e-04	6.8407e-05	1.3134e-03	2.4886e-01	6.6320e-17	4.9965e-01	
3.7073e-07	1.0732e+03	1.0000e+05	1.0007e-01	3.2499e-01	2.4944e-01	6.7458e-04	7.3302e-05	1.4225e-03	2.4876e-01	6.5211e-17	4.9963e-01	
4.0012e-07	1.0732e+03	1.0000e+05	1.0008e-01	3.2498e-01	2.4940e-01	7.2623e-04	7.8193e-05	1.5307e-03	2.4867e-01	6.4214e-17	4.9960e-01	
4.2952e-07	1.0732e+03	1.0000e+05	1.0009e-01	3.2496e-01	2.4935e-01	7.7747e-04	8.3077e-05	1.6380e-03	2.4858e-01	6.3286e-17	4.9957e-01	
4.5892e-07	1.0732e+03	1.0000e+05	1.0009e-01	3.2494e-01	2.4931e-01	8.2827e-04	8.7975e-05	1.7445e-03	2.4848e-01	6.2428e-17	4.9954e-01	
4.8831e-07	1.0732e+03	1.0000e+05	1.0010e-01	3.2492e-01	2.4927e-01	8.7867e-04	9.2892e-05	1.8503e-03	2.4839e-01	6.1634e-17	4.9951e-01	
5.1771e-07	1.0732e+03	1.0000e+05	1.0010e-01	3.2490e-01	2.4923e-01	9.2867e-04	9.7822e-05	1.9552e-03	2.4830e-01	6.0877e-17	4.9949e-01	
5.4710e-07	1.0732e+03	1.0000e+05	1.0011e-01	3.2489e-01	2.4919e-01	9.7828e-04	1.0276e-04	2.0593e-03	2.4821e-01	6.0138e-17	4.9946e-01	
5.7650e-07	1.0732e+03	1.0000e+05	1.0011e-01	3.2487e-01	2.4915e-01	1.0275e-03	1.0771e-04	2.1628e-03	2.4812e-01	5.9418e-17	4.9943e-01	
6.0590e-07	1.0732e+03	1.0000e+05	1.0012e-01	3.2485e-01	2.4911e-01	1.0764e-03	1.1268e-04	2.2654e-03	2.4803e-01	5.8724e-17	4.9941e-01	
6.3529e-07	1.0732e+03	1.0000e+05	1.0012e-01	3.2483e-01	2.4907e-01	1.1249e-03	1.1767e-04	2.3674e-03	2.4794e-01	5.8054e-17	4.9938e-01	
6.8633e-07	1.0732e+03	1.0000e+05	1.0013e-01	3.2480e-01	2.4900e-01	1.2082e-03	1.2637e-04	2.5428e-03	2.4779e-01	5.6914e-17	4.9933e-01	
7.3737e-07	1.0732e+03	1.0000e+05	1.0014e-01	3.2477e-01	2.4893e-01	1.2905e-03	1.3513e-04	2.7162e-03	2.4764e-01	5.5835e-17	4.9929e-01	
7.8842e-07	1.0732e+03	1.0000e+05	1.0015e-01	3.2474e-01	2.4886e-01	1.3719e-03	1.4393e-04	2.8877e-03	2.4749e-01	5.4770e-17	4.9924e-01	
8.3946e-07	1.0732e+03	1.0000e+05	1.0016e-01	3.2472e-01	2.4880e-01	1.4522e-03	1.5278e-04	3.0573e-03	2.4734e-01	5.3733e-17	4.9920e-01	
8.9050e-07	1.0732e+03	1.0000e+05	1.0017e-01	3.2469e-01	2.4873e-01	1.5317e-03	1.6167e-04	3.2250e-03	2.4720e-01	5.2730e-17	4.9915e-01	
9.7026e-07	1.0732e+03	1.0000e+05	1.0018e-01	3.2464e-01	2.4863e-01	1.6540e-03	1.7568e-04	3.4838e-03	2.4697e-01	5.1230e-17	4.9909e-01	
1.0500e-06	1.0732e+03	1.0000e+05	1.0020e-01	3.2460e-01	2.4853e-01	1.7743e-03	1.8980e-04	3.7385e-03	2.4675e-01	4.9805e-17	4.9902e-01	
1.1298e-06	1.0732e+03	1.0000e+05	1.0021e-01	3.2456e-01	2.4843e-01	1.8926e-03	2.0404e-04	3.9894e-03	2.4653e-01	4.8446e-17	4.9895e-01	
1.2095e-06	1.0732e+03	1.0000e+05	1.0022e-01	3.2451e-01	2.4833e-01	2.0091e-03	2.1839e-04	4.2366e-03	2.4632e-01	4.7148e-17	4.9889e-01	
1.2893e-06	1.0732e+03	1.0000e+05	1.0024e-01	3.2447e-01	2.4823e-01	2.1237e-03	2.3285e-04	4.4803e-03	2.4611e-01	4.5908e-17	4.9882e-01	
1.3691e-06	1.0732e+03	1.0000e+05	1.0025e-01	3.2443e-01	2.4814e-01	2.2367e-03	2.4741e-04	4.7208e-03	2.4590e-01	4.4725e-17	4.9876e-01	
1.4963e-06	1.0732e+03	1.0000e+05	1.0027e-01	3.2436e-01	2.4799e-01	2.4135e-03	2.7086e-04	5.0979e-03	2.4557e-01	4.2949e-17	4.9866e-01	
1.6236e-06	1.0732e+03	1.0000e+05	1.0029e-01	3.2430e-01	2.4784e-01	2.5864e-03	2.9457e-04	5.4674e-03	2.4525e-01	4.1295e-17	4.9856e-01	
1.7509e-06	1.0732e+03	1.0000e+05	1.0031e-01	3.2424e-01	2.4769e-01	2.7557e-03	3.1851e-04	5.8298e-03	2.4494e-01	3.9755e-17	4.9846e-01	
1.9830e-06	1.0732e+03	1.0000e+05	1.0034e-01	3.2413e-01	2.4744e-01	3.0556e-03	3.6276e-04	6.4740e-03	2.4438e-01	3.7199e-17	4.9829e-01	
2.2151e-06	1.0732e+03	1.0000e+05	1.0038e-01	3.2402e-01	2.4719e-01	3.3452e-03	4.0772e-04	7.0982e-03	2.4384e-01	3.4931e-17	4.9812e-01	
2.4473e-06	1.0732e+03	1.0000e+05	1.0041e-01	3.2391e-01	2.4694e-01	3.6253e-03	4.5334e-04	7.7040e-03	2.4332e-01	3.2910e-17	4.9796e-01	
2.6794e-06	1.0732e+03	1.0000e+05	1.0044e-01	3.2381e-01	2.4670e-01	3.8970e-03	4.9957e-04	8.2935e-03	2.4281e-01	3.1101e-17	4.9780e-01	
2.9115e-06	1.0732e+03	1.0000e+05	1.0047e-01	3.2371e-01	2.4647e-01	4.1607e-03	5.4636e-04	8.8678e-03	2.4231e-01	2.9454e-17	4.9765e-01	
3.1436e-06	1.0732e+03	1.0000e+05	1.0050e-01	3.2361e-01	2.4624e-01	4.4172e-03	5.9365e-04	9.4281e-03	2.4182e-01	2.7951e-17	4.9749e-01	
3.3758e-06	1.0732e+03	1.0000e+05	1.0053e-01	3.2351e-01	2.4602e-01	4.6669e-03	6.4144e-04	9.9752e-03	2.4135e-01	2.6606e-17	4.9735e-01	
3.6079e-06	1.0732e+03	1.0000e+05	1.0056e-01	3.2342e-01	2.4580e-01	4.9103e-03	6.8974e-04	1.0510e-02	2.4089e-01	2.5411e-17	4.9720e-01	
3.8400e-06	1.0732e+03	1.0000e+05	1.0059e-01	3.2332e-01	2.4559e-01	5.1478e-03	7.3852e-04	1.1034e-02	2.4044e-01	2.4304e-17	4.9706e-01	
4.0722e-06	1.0732e+03	1.0000e+05	1.0062e-01	3.2323e-01	2.4537e-01	5.3798e-03	7.8767e-04	1.1547e-02	2.3999e-01	2.3222e-17	4.9692e-01	
4.3043e-06	1.0732e+03	1.0000e+05	1.0065e-01	3.2314e-01	2.4517e-01	5.6068e-03	8.3705e-04	1.2051e-02	2.3956e-01	2.2180e-17	4.9678e-01	
4.4568e-06	1.0732e+03	1.0000e+05	1.0067e-01	3.2308e-01	2.4503e-01	5.7532e-03	8.6977e-04	1.2376e-02	2.3928e-01	2.1618e-17	4.9669e-01	
4.5617e-06	1.0732e+03	1.0000e+05	1.0068e-01	3.2304e-01	2.4494e-01	5.8527e-03	8.9240e-04	1.2598e-02	2.3909e-01	2.1282e-17	4.9663e-01	
4.6666e-06	1.0732e+03	1.0000e+05	1.0069e-01	3.2300e-01	2.4485e-01	5.9513e-03	9.1508e-04	1.2818e-02	2.3890e-01	2.0885e-17	4.9657e-01	
4.7724e-06	1.0732e+03	1.0000e+05	1.0070e-01	3.2297e-01	2.4476e-01	6.0498e-03	9.3801e-04	1.3038e-02	2.3871e-01	2.0527e-17	4.9651e-01	
4.8782e-06	1.0732e+03	1.0000e+05	1.0072e-01	3.2293e-01	2.4467e-01	6.1474e-03	9.6101e-04	1.3256e-02	2.3852e-01	2.0221e-17	4.9645e-01	
4.9840e-06	1.0732e+03	1.0000e+05	1.0073e-01	3.2289e-01	2.4458e-01	6.2441e-03	9.8410e-04	1.3472e-02	2.3833e-01	1.9854e-17	4.9639e-01	
5.0898e-06	1.0732e+03	1.0000e+05	1.0074e-01	3.2285e-01	2.4449e-01	6.3399e-03	1.0073e-03	1.3687e-02	2.3815e-01	1.9493e-17	4.9633e-01	
5.1956e-06	1.0732e+03	1.0000e+05	1.0075e-01	3.2281e-01	2.4440e-01	6.4349e-03	1.0305e-03	1.3900e-02	2.3797e-01	1.9155e-17	4.9627e-01	
5.3014e-06	1.0732e+03	1.0000e+05	1.0076e-01	3.2277e-01	2.4431e-01	6.5291e-03	1.0537e-03	1.4112e-02	2.3778e-01	1.8858e-17	4.9621e-01	
5.4072e-06	1.0732e+03	1.0000e+05	1.0078e-01	3.2273e-01	2.4423e-01	6.6225e-03	1.0770e-03	1.4322e-02	2.3760e-01	1.8620e-17	4.9615e-01	
5.5130e-06	1.0732e+03	1.0000e+05	1.0079e-01	3.2270e-01	2.4414e-01	6.7151e-03	1.1004e-03	1.4531e-02	2.3742e-01	1.8300e-17	4.9609e-01	
5.6188e-06	1.0732e+03	1.0000e+05	1.0080e-01	3.2266e-01	2.4405e-01	6.8069e-03	1.1239e-03	1.4738e-02	2.3724e-01	1.7939e-17	4.9603e-01	
5.7246e-06	1.0732e+03	1.0000e+05	1.0081e-01	3.2262e-01	2.4397e-01	6.8980e-03	1.1473e-03	1.4943e-02	2.3707e-01	1.7659e-17	4.9598e-01	
5.8304e-06	1.0732e+03	1.0000e+05	1.0082e-01	3.2258e-01	2.4388e-01	6.9884e-03	1.1709e-03	1.5148e-02	2.3689e-01	1.7417e-17	4.9592e-01	
5.9362e-06	1.0732e+03	1.0000e+05	1.0083e-01	3.2255e-01	2.4380e-01	7.0780e-03	1.1945e-03	1.5350e-02	2.3672e-01	1.7191e-17	4.9586e-01	
6.0420e-06	1.0732e+03	1.0000e+05	1.0085e-01	3.2251e-01	2.4371e-01	7.1669e-03	1.2182e-03	1.5552e-02	2.3654e-01	1.6915e-17	4.9581e-01	
6.1478e-06	1.0732e+03	1.0000e+05	1.0086e-01	3.2247e-01	2.4363e-01	7.2551e-03	1.2419e-03	1.5752e-02	2.3637e-01	1.6630e-17	4.9575e-01	
6.2536e-06	1.0732e+03	1.0000e+05	1.0087e-01	3.2244e-01	2.4354e-01	7.3426e-03	1.2657e-03	1.5951e-02	2.3620e-01	1.6416e-17	4.9570e-01	
6.3594e-06	1.0732e+03	1.0000e+05	1.0088e-01	3.2240e-01	2.4346e-01	7.4295e-03	1.2895e-03	1.6149e-02	2.3603e-01	1.6287e-17	4.9564e-01	
6.4652e-06	1.0732e+03	1.0000e+05	1.0089e-01	3.2237e-01	2.4338e-01	7.5157e-03	1.3134e-03	1.6345e-02	2.3586e-01	1.6016e-17	4.9559e-01	
6.5710e-06	1.0732e+03	1.0000e+05	1.0090e-01	3.2233e-01	2.4330e-01	7.6013e-03	1.3373e-03	1.6540e-02	2.3569e-01	1.5659e-17	4.9553e-01	
6.6768e-06	1.0732e+03	1.0000e+05	1.0091e-01	3.2230e-01	2.4321e-01	7.6863e-03	1.3613e-03	1.6734e-02	2.3553e-01	1.5510e-17	4.9548e-01	
6.7826e-06	1.0732e+03	1.0000e+05	1.0092e-01	3.2226e-01	2.4313e-01	7.7706e-03	1.3853e-03	1.6927e-02	2.3536e-01	1.5450e-17	4.9542e-01	
6.8884e-06	1.0732e+03	1.0000e+05	1.0094e-01	3.2222e-01	2.4305e-01	7.8543e-03	1.4094e-03	1.7118e-02	2.3520e-01	1.5154e-17	4.9537e-01	
6.9942e-06	1.0732e+03	1.0000e+05	1.0095e-01	3.2219e-01	2.4297e-01	7.9375e-03	1.4335e-03	1.7308e-02	2.3503e-01	1.4800e-17	4.9531e-01	
7.1000e-06	1.0732e+03	1.0000e+05	1.0096e-01	3.2216e-01	2.4289e-01	8.0200e-03	1.4576e-03	1.7498e-02	2.3487e-01	1.4643e-17	4.9526e-01	
7.2058e-06	1.0732e+03	1.0000e+05	1.0097e-01	3.2212e-01	2.4281e-01	8.1020e-03	1.4818e-03	1.7686e-02	2.3471e-01	1.4509e-17	4.9521e-01	
7.3115e-06	1.0732e+03	1.0000e+05	1.0098e-01	3.2209e-01	2.4273e-01	8.1834e-03	1.5060e-03	1.7873e-02	2.3455e-01	1.4415e-17	4.9516e-01	
7.4173e-06	1.0732e+03	1.0000e+05	1.0099e-01	3.2205e-01	2.4265e-01	8.2643e-03	1.5303e-03	1.8059e-02	2.3439e-01	1.4204e-17	4.9510e-01	
7.5231e-06	1.0732e+03	1.0000e+05	1.0100e-01	3.2202e-01	2.4258e-01	8.3446e-03	1.5546e-03	1.8244e-02	2.3423e-01	1.3891e-17	4.9505e-01	
7.6289e-06	1.0732e+03	1.0000e+05	1.0101e-01	3.2198e-01	2.4250e-01	8.4244e-03	1.5790e-03	1.8428e-02	2.3407e-01	1.3777e-17	4.9500e-01	
7.7347e-06	1.0732e+03	1.0000e+05	1.0102e-01	3.2195e-01	2.4242e-01	8.5036e-03	1.6034e-03	1.8611e-02	2.3392e-01	1.3799e-17	4.9495e-01	
7.8405e-06	1.0732e+03	1.0000e+05	1.0103e-01	3.2192e-01	2.4234e-01	8.5824e-03	1.6278e-03	1.8793e-02	2.3376e-01	1.3539e-17	4.9489e-01	
7.9463e-06	1.0732e+03	1.0000e+05	1.0104e-01	3.2188e-01	2.4227e-01	8.6606e-03	1.6523e-03	1.8974e-02	2.3360e-01	1.3125e-17	4.9484e-01	
8.0521e-06	1.0732e+03	1.0000e+05	1.0105e-01	3.2185e-01	2.4219e-01	8.7383e-03	1.6768e-03	1.9153e-02	2.3345e-01	1.3098e-17	4.9479e-01	
8.1579e-06	1.0732e+03	1.0000e+05	1.0106e-01	3.2182e-01	2.4211e-01	8.8155e-03	1.7014e-03	1.9332e-02	2.3330e-01	1.3263e-17	4.9474e-01	
8.2637e-06	1.0732e+03	1.0000e+05	1.0107e-01	3.2178e-01	2.4204e-01	8.8923e-03	1.7260e-03	1.9511e-02	2.3314e-01	1.2939e-17	4.9469e-01	
8.3695e-06	1.0732e+03	1.0000e+05	1.0108e-01	3.2175e-01	2.4196e-01	8.9686e-03	1.7506e-03	1.9688e-02	2.3299e-01	1.2393e-17	4.9464e-01	
8.4753e-06	1.0732e+03	1.0000e+05	1.0109e-01	3.2172e-01	2.4189e-01	9.0444e-03	1.7752e-03	1.9864e-02	2.3284e-01	1.2468e-17	4.9459e-01	
8.5811e-06	1.0732e+03	1.0000e+05	1.0110e-01	3.2169e-01	2.4181e-01	9.1197e-03	1.7999e-03	2.0039e-02	2.3269e-01	1.2815e-17	4.9454e-01	
8.6869e-06	1.0732e+03	1.0000e+05	1.0111e-01	3.2165e-01	2.4174e-01	9.1945e-03	1.8247e-03	2.0214e-02	2.3254e-01	1.2400e-17	4.9449e-01	
8.7927e-06	1.0732e+03	1.0000e+05	1.0112e-01	3.2162e-01	2.4166e-01	9.2690e-03	1.8494e-03	2.0387e-02	2.3239e-01	1.1665e-17	4.9444e-01	
8.8706e-06	1.0732e+03	1.0000e+05	1.0113e-01	3.2160e-01	2.4161e-01	9.3235e-03	1.8677e-03	2.0515e-02	2.3228e-01	1.1987e-17	4.9440e-01	
8.9485e-06	1.0732e+03	1.0000e+05	1.0114e-01	3.2157e-01	2.4155e-01	9.3778e-03	1.8859e-03	2.0642e-02	2.3217e-01	1.1899e-17	4.9437e-01	
9.0265e-06	1.0732e+03	1.0000e+05	1.0115e-01	3.2155e-01	2.4150e-01	9.4318e-03	1.9042e-03	2.0768e-02	2.3207e-01	1.1770e-17	4.9433e-01	
9.1044e-06	1.0732e+03	1.0000e+05	1.0115e-01	3.2153e-01	2.4144e-01	9.4857e-03	1.9225e-03	2.0894e-02	2.3196e-01	1.1540e-17	4.9430e-01	
9.1823e-06	1.0732e+03	1.0000e+05	1.0116e-01	3.2150e-01	2.4139e-01	9.5393e-03	1.9408e-03	2.1019e-02	2.3185e-01	1.1658e-17	4.9426e-01	
9.2602e-06	1.0732e+03	1.0000e+05	1.0117e-01	3.2148e-01	2.4134e-01	9.5926e-03	1.9592e-03	2.1144e-02	2.3174e-01	1.1707e-17	4.9422e-01	
9.3381e-06	1.0732e+03	1.0000e+05	1.0118e-01	3.2146e-01	2.4128e-01	9.6457e-03	1.9776e-03	2.1269e-02	2.3164e-01	1.1534e-17	4.9419e-01	
9.4161e-06	1.0732e+03	1.0000e+05	1.0118e-01	3.2143e-01	2.4123e-01	9.6987e-03	1.9959e-03	2.1393e-02	2.3153e-01	1.1336e-17	4.9415e-01	
9.5409e-06	1.0732e+03	1.0000e+05	1.0119e-01	3.2140e-01	2.4114e-01	9.7830e-03	2.0254e-03	2.1591e-02	2.3136e-01	1.1275e-17	4.9410e-01	
9.6657e-06	1.0732e+03	1.0000e+05	1.0121e-01	3.2136e-01	2.4106e-01	9.8667e-03	2.0549e-03	2.1788e-02	2.3119e-01	1.1142e-17	4.9404e-01	
9.7906e-06	1.0732e+03	1.0000e+05	1.0122e-01	3.2132e-01	2.4097e-01	9.9499e-03	2.0844e-03	2.1984e-02	2.3102e-01	1.0862e-17	4.9398e-01	
9.9154e-06	1.0732e+03	1.0000e+05	1.0123e-01	3.2129e-01	2.4089e-01	1.0033e-02	2.1140e-03	2.2179e-02	2.3086e-01	1.0769e-17	4.9393e-01	
1.0040e-05	1.0732e+03	1.0000e+05	1.0124e-01	3.2125e-01	2.4081e-01	1.0115e-02	2.1437e-03	2.2373e-02	2.3069e-01	1.0719e-17	4.9387e-01	
1.0245e-05	1.0732e+03	1.0000e+05	1.0126e-01	3.2119e-01	2.4067e-01	1.0249e-02	2.1925e-03	2.2690e-02	2.3042e-01	1.0521e-17	4.9378e-01	
1.0451e-05	1.0732e+03	1.0000e+05	1.0128e-01	3.2113e-01	2.4053e-01	1.0381e-02	2.2414e-03	2.3003e-02	2.3015e-01	1.0325e-17	4.9369e-01	
1.0656e-05	1.0732e+03	1.0000e+05	1.0130e-01	3.2107e-01	2.4040e-01	1.0512e-02	2.2904e-03	2.3315e-02	2.2989e-01	1.0183e-17	4.9360e-01	
1.0861e-05	1.0732e+03	1.0000e+05	1.0132e-01	3.2102e-01	2.4026e-01	1.0642e-02	2.3394e-03	2.3623e-02	2.2962e-01	9.9605e-18	4.9351e-01	
1.1066e-05	1.0732e+03	1.0000e+05	1.0133e-01	3.2096e-01	2.4013e-01	1.0770e-02	2.3886e-03	2.3929e-02	2.2936e-01	9.7698e-18	4.9342e-01	
1.1457e-05	1.0732e+03	1.0000e+05	1.0137e-01	3.2085e-01	2.3988e-01	1.1011e-02	2.4824e-03	2.4505e-02	2.2887e-01	9.4575e-18	4.9325e-01	
1.1847e-05	1.0732e+03	1.0000e+05	1.0140e-01	3.2074e-01	2.3963e-01	1.1248e-02	2.5764e-03	2.5073e-02	2.2838e-01	9.1733e-18	4.9309e-01	
1.2237e-05	1.0732e+03	1.0000e+05	1.0144e-01	3.2064e-01	2.3939e-01	1.1481e-02	2.6708e-03	2.5632e-02	2.2791e-01	8.8798e-18	4.9292e-01	
1.2628e-05	1.0732e+03	1.0000e+05	1.0147e-01	3.2053e-01	2.3914e-01	1.1709e-02	2.7654e-03	2.6184e-02	2.2743e-01	8.6001e-18	4.9276e-01	
1.3018e-05	1.0732e+03	1.0000e+05	1.0150e-01	3.2043e-01	2.3890e-01	1.1934e-02	2.8603e-03	2.6728e-02	2.2697e-01	8.3449e-18	4.9260e-01	
1.3409e-05	1.0732e+03	1.0000e+05	1.0153e-01	3.2032e-01	2.3867e-01	1.2155e-02	2.9554e-03	2.7265e-02	2.2651e-01	8.1066e-18	4.9244e-01	
1.4138e-05	1.0732e+03	1.0000e+05	1.0159e-01	3.2013e-01	2.3823e-01	1.2558e-02	3.1337e-03	2.8249e-02	2.2567e-01	7.6896e-18	4.9215e-01	
1.4867e-05	1.0732e+03	1.0000e+05	1.0165e-01	3.1995e-01	2.3780e-01	1.2949e-02	3.3126e-03	2.9211e-02	2.2485e-01	7.3093e-18	4.9187e-01	
1.5596e-05	1.0732e+03	1.0000e+05	1.0171e-01	3.1977e-01	2.3738e-01	1.3330e-02	3.4923e-03	3.0152e-02	2.2405e-01	6.9646e-18	4.9159e-01	
1.6325e-05	1.0732e+03	1.0000e+05	1.0177e-01	3.1959e-01	2.3697e-01	1.3700e-02	3.6725e-03	3.1072e-02	2.2327e-01	6.6501e-18	4.9131e-01	
1.7507e-05	1.0732e+03	1.0000e+05	1.0186e-01	3.1930e-01	2.3632e-01	1.4280e-02	3.9660e-03	3.2526e-02	2.2204e-01	6.1881e-18	4.9088e-01	
1.8689e-05	1.0732e+03	1.0000e+05	1.0195e-01	3.1903e-01	2.3568e-01	1.4837e-02	4.2607e-03	3.3935e-02	2.2084e-01	5.7826e-18	4.9045e-01	
1.9872e-05	1.0732e+03	1.0000e+05	1.0203e-01	3.1876e-01	2.3505e-01	1.5373e-02	4.5565e-03	3.5302e-02	2.1968e-01	5.4260e-18	4.9004e-01	
2.1054e-05	1.0732e+03	1.0000e+05	1.0212e-01	3.1849e-01	2.3444e-01	1.5889e-02	4.8532e-03	3.6630e-02	2.1856e-01	5.1071e-18	4.8963e-01	
2.2237e-05	1.0732e+03	1.0000e+05	1.0220e-01	3.1823e-01	2.3385e-01	1.6386e-02	5.1507e-03	3.7923e-02	2.1746e-01	4.8158e-18	4.8923e-01	
2.3419e-05	1.0732e+03	1.0000e+05	1.0228e-01	3.1798e-01	2.3326e-01	1.6867e-02	5.4487e-03	3.9183e-02	2.1640e-01	4.5551e-18	4.8884e-01	
2.4601e-05	1.0732e+03	1.0000e+05	1.0236e-01	3.1773e-01	2.3269e-01	1.7332e-02	5.7473e-03	4.0412e-02	2.1536e-01	4.3253e-18	4.8846e-01	
2.5784e-05	1.0732e+03	1.0000e+05	1.0244e-01	3.1749e-01	2.3213e-01	1.7782e-02	6.0464e-03	4.1611e-02	2.1435e-01	4.1136e-18	4.8809e-01	
2.6966e-05	1.0732e+03	1.0000e+05	1.0252e-01	3.1725e-01	2.3158e-01	1.8219e-02	6.3458e-03	4.2784e-02	2.1336e-01	3.9126e-18	4.8772e-01	
2.8149e-05	1.0732e+03	1.0000e+05	1.0259e-01	3.1701e-01	2.3103e-01	1.8642e-02	6.6455e-03	4.3930e-02	2.1239e-01	3.7318e-18	4.8736e-01	
2.9331e-05	1.0732e+03	1.0000e+05	1.0267e-01	3.1678e-01	2.3050e-01	1.9053e-02	6.9454e-03	4.5052e-02	2.1145e-01	3.5745e-18	4.8700e-01	
3.0514e-05	1.0732e+03	1.0000e+05	1.0274e-01	3.1655e-01	2.2998e-01	1.9453e-02	7.2454e-03	4.6151e-02	2.1052e-01	3.4248e-18	4.8665e-01	
3.1696e-05	1.0732e+03	1.0000e+05	1.0282e-01	3.1633e-01	2.2946e-01	1.9841e-02	7.5455e-03	4.7228e-02	2.0962e-01	3.2754e-18	4.8631e-01	
3.2878e-05	1.0732e+03	1.0000e+05	1.0289e-01	3.1611e-01	2.2895e-01	2.0219e-02	7.8457e-03	4.8284e-02	2.0873e-01	3.1432e-18	4.8597e-01	
3.4061e-05	1.0732e+03	1.0000e+05	1.0296e-01	3.1589e-01	2.2845e-01	2.0587e-02	8.1458e-03	4.9321e-02	2.0786e-01	3.0340e-18	4.8563e-01	
3.5243e-05	1.0732e+03	1.0000e+05	1.0303e-01	3.1568e-01	2.2796e-01	2.0946e-02	8.4458e-03	5.0338e-02	2.0701e-01	2.9222e-18	4.8530e-01	
3.6426e-05	1.0732e+03	1.0000e+05	1.0310e-01	3.1547e-01	2.2747e-01	2.1296e-02	8.7458e-03	5.1337e-02	2.0617e-01	2.7991e-18	4.8498e-01	
3.8459e-05	1.0732e+03	1.0000e+05	1.0321e-01	3.1511e-01	2.2665e-01	2.1877e-02	9.2614e-03	5.3016e-02	2.0477e-01	2.6377e-18	4.8443e-01	
4.0493e-05	1.0732e+03	1.0000e+05	1.0333e-01	3.1476e-01	2.2584e-01	2.2435e-02	9.7765e-03	5.4647e-02	2.0341e-01	2.5066e-18	4.8389e-01	
4.2527e-05	1.0732e+03	1.0000e+05	1.0344e-01	3.1442e-01	2.2505e-01	2.2971e-02	1.0291e-02	5.6233e-02	2.0208e-01	2.2849e-18	4.8337e-01	
4.4561e-05	1.0732e+03	1.0000e+05	1.0355e-01	3.1408e-01	2.2428e-01	2.3487e-02	1.0804e-02	5.7778e-02	2.0079e-01	2.0983e-18	4.8285e-01	
4.6595e-05	1.0732e+03	1.0000e+05	1.0366e-01	3.1376e-01	2.2352e-01	2.3984e-02	1.1317e-02	5.9284e-02	1.9954e-01	2.2288e-18	4.8235e-01	
4.8629e-05	1.0732e+03	1.0000e+05	1.0377e-01	3.1343e-01	2.2278e-01	2.4463e-02	1.1828e-02	6.0754e-02	1.9832e-01	2.3156e-18	4.8185e-01	
5.0662e-05	1.0732e+03	1.0000e+05	1.0387e-01	3.1312e-01	2.2205e-01	2.4924e-02	1.2339e-02	6.2188e-02	1.9713e-01	1.8689e-18	4.8137e-01	
5.2696e-05	1.0732e+03	1.0000e+05	1.0397e-01	3.1281e-01	2.2134e-01	2.5371e-02	1.2848e-02	6.3589e-02	1.9597e-01	1.4372e-18	4.8089e-01	
5.4730e-05	1.0732e+03	1.0000e+05	1.0408e-01	3.1250e-01	2.2063e-01	2.5802e-02	1.3356e-02	6.4960e-02	1.9483e-01	2.2611e-18	4.8042e-01	
5.6764e-05	1.0732e+03	1.0000e+05	1.0418e-01	3.1220e-01	2.1994e-01	2.6219e-02	1.3863e-02	6.6301e-02	1.9372e-01	2.0787e-18	4.7996e-01	
5.8798e-05	1.0732e+03	1.0000e+05	1.0427e-01	3.1191e-01	2.1926e-01	2.6623e-02	1.4368e-02	6.7614e-02	1.9263e-01	9.0020e-19	4.7950e-01	
6.0278e-05	1.0732e+03	1.0000e+05	1.0435e-01	3.1169e-01	2.1877e-01	2.6909e-02	1.4735e-02	6.8552e-02	1.9186e-01	1.5060e-18	4.7918e-01	
6.1757e-05	1.0732e+03	1.0000e+05	1.0442e-01	3.1148e-01	2.1828e-01	2.7188e-02	1.5101e-02	6.9477e-02	1.9110e-01	1.5954e-18	4.7886e-01	
6.3237e-05	1.0732e+03	1.0000e+05	1.0449e-01	3.1128e-01	2.1780e-01	2.7461e-02	1.5466e-02	7.0389e-02	1.9034e-01	-1.2279e-18	4.7854e-01	
6.4717e-05	1.0732e+03	1.0000e+05	1.0455e-01	3.1107e-01	2.1733e-01	2.7728e-02	1.5831e-02	7.1287e-02	1.8960e-01	2.2770e-18	4.7822e-01	
6.6197e-05	1.0732e+03	1.0000e+05	1.0462e-01	3.1087e-01	2.1686e-01	2.7989e-02	1.6195e-02	7.2174e-02	1.8887e-01	2.6682e-18	4.7791e-01	
6.7677e-05	1.0732e+03	1.0000e+05	1.0469e-01	3.1067e-01	2.1640e-01	2.8245e-02	1.6558e-02	7.3048e-02	1.8815e-01	2.8458e-19	4.7760e-01	
6.9157e-05	1.0732e+03	1.0000e+05	1.0476e-01	3.1047e-01	2.1594e-01	2.8495e-02	1.6920e-02	7.3911e-02	1.8744e-01	1.0260e-18	4.7729e-01	
7.0637e-05	1.0732e+03	1.0000e+05	1.0482e-01	3.1027e-01	2.1548e-01	2.8740e-02	1.7281e-02	7.4762e-02	1.8674e-01	2.2752e-18	4.7699e-01	
7.2995e-05	1.0732e+03	1.0000e+05	1.0493e-01	3.0996e-01	2.1477e-01	2.9120e-02	1.7855e-02	7.6096e-02	1.8565e-01	1.2611e-18	4.7651e-01	
7.5352e-05	1.0732e+03	1.0000e+05	1.0503e-01	3.0965e-01	2.1406e-01	2.9488e-02	1.8427e-02	7.7403e-02	1.8458e-01	1.0238e-18	4.7604e-01	
7.7710e-05	1.0732e+03	1.0000e+05	1.0513e-01	3.0935e-01	2.1337e-01	2.9844e-02	1.8997e-02	7.8685e-02	1.8353e-01	-8.5487e-19	4.7558e-01	
8.0068e-05	1.0732e+03	1.0000e+05	1.0524e-01	3.0906e-01	2.1269e-01	3.0189e-02	1.9564e-02	7.9942e-02	1.8250e-01	-5.4682e-19	4.7512e-01	
8.2426e-05	1.0732e+03	1.0000e+05	1.0534e-01	3.0876e-01	2.1201e-01	3.0524e-02	2.0129e-02	8.1176e-02	1.8149e-01	1.4413e-18	4.7467e-01	
8.6880e-05	1.0732e+03	1.0000e+05	1.0552e-01	3.0822e-01	2.1076e-01	3.1128e-02	2.1191e-02	8.3447e-02	1.7963e-01	1.0375e-18	4.7384e-01	
9.1334e-05	1.0732e+03	1.0000e+05	1.0570e-01	3.0769e-01	2.0954e-01	3.1699e-02	2.2245e-02	8.5644e-02	1.7784e-01	6.5200e-19	4.7303e-01	
9.5789e-05	1.0732e+03	1.0000e+05	1.0588e-01	3.0718e-01	2.0835e-01	3.2240e-02	2.3291e-02	8.7772e-02	1.7611e-01	7.9758e-19	4.7223e-01	
1.0024e-04	1.0732e+03	1.0000e+05	1.0605e-01	3.0667e-01	2.0719e-01	3.2753e-02	2.4329e-02	8.9835e-02	1.7444e-01	9.2350e-19	4.7146e-01	
1.0470e-04	1.0732e+03	1.0000e+05	1.0622e-01	3.0618e-01	2.0605e-01	3.3239e-02	2.5360e-02	9.1837e-02	1.7281e-01	5.7831e-19	4.7070e-01	
1.0915e-04	1.0732e+03	1.0000e+05	1.0639e-01	3.0570e-01	2.0494e-01	3.3700e-02	2.6383e-02	9.3783e-02	1.7124e-01	5.7696e-19	4.6996e-01	
1.1361e-04	1.0732e+03	1.0000e+05	1.0656e-01	3.0522e-01	2.0385e-01	3.4139e-02	2.7397e-02	9.5675e-02	1.6971e-01	9.8337e-19	4.6923e-01	
1.2032e-04	1.0732e+03	1.0000e+05	1.0680e-01	3.0453e-01	2.0224e-01	3.4761e-02	2.8913e-02	9.8435e-02	1.6748e-01	7.1234e-19	4.6816e-01	
1.2704e-04	1.0732e+03	1.0000e+05	1.0704e-01	3.0385e-01	2.0069e-01	3.5339e-02	3.0411e-02	1.0109e-01	1.6535e-01	-1.0589e-19	4.6713e-01	
1.3376e-04	1.0732e+03	1.0000e+05	1.0727e-01	3.0320e-01	1.9917e-01	3.5877e-02	3.1892e-02	1.0365e-01	1.6330e-01	4.6784e-19	4.6612e-01	
1.4048e-04	1.0732e+03	1.0000e+05	1.0750e-01	3.0256e-01	1.9770e-01	3.6378e-02	3.3356e-02	1.0611e-01	1.6132e-01	1.4898e-18	4.6513e-01	
1.4720e-04	1.0732e+03	1.0000e+05	1.0772e-01	3.0193e-01	1.9626e-01	3.6846e-02	3.4803e-02	1.0850e-01	1.5942e-01	4.7962e-19	4.6418e-01	
1.5391e-04	1.0732e+03	1.0000e+05	1.0794e-01	3.0133e-01	1.9486e-01	3.7283e-02	3.6234e-02	1.1080e-01	1.5758e-01	-9.1370e-19	4.6324e-01	
1.6063e-04	1.0732e+03	1.0000e+05	1.0815e-01	3.0073e-01	1.9349e-01	3.7692e-02	3.7649e-02	1.1303e-01	1.5580e-01	7.3244e-19	4.6233e-01	
1.6735e-04	1.0732e+03	1.0000e+05	1.0836e-01	3.0016e-01	1.9216e-01	3.8074e-02	3.9047e-02	1.1520e-01	1.5409e-01	2.6897e-18	4.6144e-01	
1.7407e-04	1.0732e+03	1.0000e+05	1.0856e-01	2.9959e-01	1.9085e-01	3.8432e-02	4.0431e-02	1.1729e-01	1.5242e-01	-1.5254e-19	4.6057e-01	
1.8078e-04	1.0732e+03	1.0000e+05	1.0876e-01	2.9903e-01	1.8958e-01	3.8767e-02	4.1799e-02	1.1933e-01	1.5081e-01	-3.3313e-18	4.5972e-01	
1.8750e-04	1.0732e+03	1.0000e+05	1.0896e-01	2.9849e-01	1.8833e-01	3.9081e-02	4.3152e-02	1.2131e-01	1.4924e-01	1.4188e-18	4.5888e-01	
1.9835e-04	1.0732e+03	1.0000e+05	1.0927e-01	2.9764e-01	1.8636e-01	3.9547e-02	4.5305e-02	1.2440e-01	1.4681e-01	1.5287e-17	4.5757e-01	
2.0920e-04	1.0732e+03	1.0000e+05	1.0958e-01	2.9682e-01	1.8446e-01	3.9968e-02	4.7422e-02	1.2736e-01	1.4449e-01	3.5954e-18	4.5631e-01	
2.2004e-04	1.0732e+03	1.0000e+05	1.0987e-01	2.9602e-01	1.8261e-01	4.0347e-02	4.9502e-02	1.3020e-01	1.4227e-01	-2.0491e-17	4.5508e-01	
2.3089e-04	1.0732e+03	1.0000e+05	1.1016e-01	2.9524e-01	1.8082e-01	4.0688e-02	5.1548e-02	1.3292e-01	1.4013e-01	-1.8582e-18	4.5388e-01	
2.4174e-04	1.0732e+03	1.0000e+05	1.1044e-01	2.9448e-01	1.7908e-01	4.0996e-02	5.3560e-02	1.3555e-01	1.3809e-01	4.4993e-17	4.5272e-01	
2.5258e-04	1.0732e+03	1.0000e+05	1.1072e-01	2.9375e-01	1.7739e-01	4.1273e-02	5.5538e-02	1.3808e-01	1.3612e-01	1.6445e-17	4.5159e-01	
2.6343e-04	1.0732e+03	1.0000e+05	1.1099e-01	2.9304e-01	1.7574e-01	4.1522e-02	5.7485e-02	1.4053e-01	1.3422e-01	-8.3526e-17	4.5050e-01	
2.7428e-04	1.0732e+03	1.0000e+05	1.1125e-01	2.9234e-01	1.7414e-01	4.1745e-02	5.9401e-02	1.4289e-01	1.3240e-01	-5.4299e-17	4.4943e-01	
2.8512e-04	1.0732e+03	1.0000e+05	1.1151e-01	2.9166e-01	1.7258e-01	4.1944e-02	6.1288e-02	1.4518e-01	1.3063e-01	1.5521e-16	4.4838e-01	
2.9597e-04	1.0732e+03	1.0000e+05	1.1177e-01	2.9100e-01	1.7105e-01	4.2122e-02	6.3144e-02	1.4739e-01	1.2893e-01	1.6278e-16	4.4737e-01	
3.0682e-04	1.0732e+03	1.0000e+05	1.1201e-01	2.9036e-01	1.6956e-01	4.2281e-02	6.4972e-02	1.4953e-01	1.2728e-01	-2.6754e-16	4.4637e-01	
3.1766e-04	1.0732e+03	1.0000e+05	1.1226e-01	2.8972e-01	1.6810e-01	4.2421e-02	6.6773e-02	1.5161e-01	1.2568e-01	-4.4411e-16	4.4540e-01	
3.2851e-04	1.0732e+03	1.0000e+05	1.1250e-01	2.8911e-01	1.6668e-01	4.2544e-02	6.8547e-02	1.5363e-01	1.2414e-01	3.9482e-16	4.4445e-01	
3.3935e-04	1.0732e+03	1.0000e+05	1.1273e-01	2.8850e-01	1.6529e-01	4.2650e-02	7.0295e-02	1.5560e-01	1.2264e-01	1.1256e-15	4.4353e-01	
3.5020e-04	1.0732e+03	1.0000e+05	1.1296e-01	2.8791e-01	1.6393e-01	4.2743e-02	7.2018e-02	1.5750e-01	1.2119e-01	-1.1409e-16	4.4262e-01	
3.6105e-04	1.0732e+03	1.0000e+05	1.1319e-01	2.8734e-01	1.6260e-01	4.2822e-02	7.3715e-02	1.5936e-01	1.1977e-01	-8.1907e-16	4.4173e-01	
3.7189e-04	1.0732e+03	1.0000e+05	1.1341e-01	2.8677e-01	1.6129e-01	4.2889e-02	7.5389e-02	1.6117e-01	1.1840e-01	7.1920e-16	4.4086e-01	
3.8274e-04	1.0732e+03	1.0000e+05	1.1363e-01	2.8621e-01	1.6001e-01	4.2944e-02	7.7039e-02	1.6293e-01	1.1707e-01	2.2419e-15	4.4001e-01	
3.9359e-04	1.0732e+03	1.0000e+05	1.1385e-01	2.8567e-01	1.5876e-01	4.2988e-02	7.8667e-02	1.6464e-01	1.1577e-01	-2.8394e-16	4.3917e-01	
4.0443e-04	1.0732e+03	1.0000e+05	1.1406e-01	2.8514e-01	1.5753e-01	4.3022e-02	8.0272e-02	1.6632e-01	1.1451e-01	-4.9211e-15	4.3835e-01	
4.2020e-04	1.0732e+03	1.0000e+05	1.1437e-01	2.8438e-01	1.5578e-01	4.3055e-02	8.2567e-02	1.6868e-01	1.1273e-01	-1.3960e-16	4.3719e-01	
4.3597e-04	1.0732e+03	1.0000e+05	1.1466e-01	2.8364e-01	1.5408e-01	4.3070e-02	8.4818e-02	1.7096e-01	1.1101e-01	9.1769e-17	4.3606e-01	
4.5174e-04	1.0732e+03	1.0000e+05	1.1496e-01	2.8293e-01	1.5243e-01	4.3069e-02	8.7026e-02	1.7316e-01	1.0936e-01	-1.9249e-14	4.3495e-01	
4.6751e-04	1.0732e+03	1.0000e+05	1.1524e-01	2.8223e-01	1.5082e-01	4.3053e-02	8.9192e-02	1.7530e-01	1.0776e-01	7.6537e-15	4.3388e-01	
4.8328e-04	1.0732e+03	1.0000e+05	1.1552e-01	2.8154e-01	1.4924e-01	4.3023e-02	9.1319e-02	1.7737e-01	1.0622e-01	2.5543e-15	4.3283e-01	
4.9905e-04	1.0732e+03	1.0000e+05	1.1579e-01	2.8088e-01	1.4771e-01	4.2981e-02	9.3407e-02	1.7937e-01	1.0473e-01	-3.6614e-15	4.3181e-01	
5.2337e-04	1.0732e+03	1.0000e+05	1.1620e-01	2.7988e-01	1.4541e-01	4.2896e-02	9.6554e-02	1.8235e-01	1.0252e-01	2.8997e-15	4.3028e-01	
5.6678e-04	1.0732e+03	1.0000e+05	1.1691e-01	2.7819e-01	1.4151e-01	4.2687e-02	1.0196e-01	1.8734e-01	9.8825e-02	1.7659e-15	4.2767e-01	
5.9592e-04	1.0732e+03	1.0000e+05	1.1737e-01	2.7711e-01	1.3902e-01	4.2514e-02	1.0545e-01	1.9048e-01	9.6510e-02	1.6351e-15	4.2602e-01	
6.2505e-04	1.0732e+03	1.0000e+05	1.1781e-01	2.7608e-01	1.3663e-01	4.2319e-02	1.0884e-01	1.9348e-01	9.4313e-02	-5.4874e-15	4.2442e-01	
6.5418e-04	1.0732e+03	1.0000e+05	1.1824e-01	2.7508e-01	1.3433e-01	4.2106e-02	1.1212e-01	1.9633e-01	9.2223e-02	-2.5096e-15	4.2289e-01	
6.8331e-04	1.0732e+03	1.0000e+05	1.1865e-01	2.7411e-01	1.3211e-01	4.1877e-02	1.1531e-01	1.9907e-01	9.0231e-02	4.8486e-15	4.2141e-01	
7.1245e-04	1.0732e+03	1.0000e+05	1.1905e-01	2.7318e-01	1.2997e-01	4.1635e-02	1.1841e-01	2.0168e-01	8.8331e-02	-1.1084e-16	4.1998e-01	
7.4158e-04	1.0732e+03	1.0000e+05	1.1945e-01	2.7229e-01	1.2790e-01	4.1381e-02	1.2142e-01	2.0419e-01	8.6515e-02	-5.8452e-15	4.1860e-01	
7.7071e-04	1.0732e+03	1.0000e+05	1.1983e-01	2.7142e-01	1.2590e-01	4.1119e-02	1.2435e-01	2.0659e-01	8.4776e-02	2.4750e-15	4.1726e-01	
7.9985e-04	1.0732e+03	1.0000e+05	1.2020e-01	2.7058e-01	1.2396e-01	4.0849e-02	1.2721e-01	2.0890e-01	8.3110e-02	6.8167e-15	4.1597e-01	
8.2898e-04	1.0732e+03	1.0000e+05	1.2056e-01	2.6977e-01	1.2208e-01	4.0572e-02	1.2998e-01	2.1113e-01	8.1512e-02	-5.5806e-15	4.1472e-01	
8.5811e-04	1.0732e+03	1.0000e+05	1.2092e-01	2.6898e-01	1.2027e-01	4.0290e-02	1.3269e-01	2.1327e-01	7.9976e-02	-7.8633e-15	4.1351e-01	
8.8724e-04	1.0732e+03	1.0000e+05	1.2126e-01	2.6821e-01	1.1850e-01	4.0004e-02	1.3532e-01	2.1533e-01	7.8499e-02	1.0242e-14	4.1234e-01	
9.1638e-04	1.0732e+03	1.0000e+05	1.2160e-01	2.6747e-01	1.1679e-01	3.9715e-02	1.3790e-01	2.1732e-01	7.7078e-02	9.1046e-15	4.1119e-01	
9.4551e-04	1.0732e+03	1.0000e+05	1.2193e-01	2.6675e-01	1.1513e-01	3.9423e-02	1.4040e-01	2.1925e-01	7.5708e-02	-1.7661e-14	4.1009e-01	
9.9092e-04	1.0732e+03	1.0000e+05	1.2242e-01	2.6567e-01	1.1263e-01	3.8964e-02	1.4419e-01	2.2212e-01	7.3669e-02	-1.2704e-14	4.0842e-01	
1.0363e-03	1.0732e+03	1.0000e+05	1.2290e-01	2.6463e-01	1.1024e-01	3.8503e-02	1.4784e-01	2.2485e-01	7.1738e-02	1.2487e-14	4.0683e-01	
1.0817e-03	1.0732e+03	1.0000e+05	1.2337e-01	2.6364e-01	1.0795e-01	3.8041e-02	1.5136e-01	2.2744e-01	6.9907e-02	-1.1665e-14	4.0530e-01	
1.1272e-03	1.0732e+03	1.0000e+05	1.2381e-01	2.6268e-01	1.0574e-01	3.7579e-02	1.5476e-01	2.2992e-01	6.8165e-02	-4.4184e-14	4.0383e-01	
1.1726e-03	1.0732e+03	1.0000e+05	1.2425e-01	2.6176e-01	1.0363e-01	3.7120e-02	1.5804e-01	2.3228e-01	6.6508e-02	1.0412e-14	4.0242e-01	
1.2180e-03	1.0732e+03	1.0000e+05	1.2467e-01	2.6088e-01	1.0159e-01	3.6664e-02	1.6121e-01	2.3454e-01	6.4928e-02	7.3422e-14	4.0106e-01	
1.2634e-03	1.0732e+03	1.0000e+05	1.2508e-01	2.6003e-01	9.9632e-02	3.6212e-02	1.6428e-01	2.3670e-01	6.3420e-02	-1.9064e-14	3.9975e-01	
1.3088e-03	1.0732e+03	1.0000e+05	1.2547e-01	2.5921e-01	9.7741e-02	3.5763e-02	1.6725e-01	2.3877e-01	6.1978e-02	-1.3344e-13	3.9849e-01	
1.3542e-03	1.0732e+03	1.0000e+05	1.2586e-01	2.5842e-01	9.5918e-02	3.5319e-02	1.7012e-01	2.4076e-01	6.0598e-02	2.9811e-14	3.9728e-01	
1.3996e-03	1.0732e+03	1.0000e+05	1.2623e-01	2.5766e-01	9.4159e-02	3.4881e-02	1.7291e-01	2.4267e-01	5.9277e-02	2.5373e-13	3.9611e-01	
1.4450e-03	1.0732e+03	1.0000e+05	1.2659e-01	2.5692e-01	9.2458e-02	3.4449e-02	1.7561e-01	2.4451e-01	5.8009e-02	-7.9141e-15	3.9497e-01	
1.4904e-03	1.0732e+03	1.0000e+05	1.2694e-01	2.5621e-01	9.0814e-02	3.4022e-02	1.7823e-01	2.4627e-01	5.6791e-02	-4.6004e-13	3.9388e-01	
1.5358e-03	1.0732e+03	1.0000e+05	1.2729e-01	2.5552e-01	8.9223e-02	3.3601e-02	1.8077e-01	2.4797e-01	5.5622e-02	-9.6674e-15	3.9282e-01	
1.5813e-03	1.0732e+03	1.0000e+05	1.2762e-01	2.5485e-01	8.7685e-02	3.3187e-02	1.8323e-01	2.4961e-01	5.4497e-02	9.4078e-13	3.9179e-01	
1.6094e-03	1.0732e+03	1.0000e+05	1.2782e-01	2.5445e-01	8.6756e-02	3.2934e-02	1.8472e-01	2.5059e-01	5.3822e-02	1.0439e-13	3.9117e-01	
1.6375e-03	1.0732e+03	1.0000e+05	1.2802e-01	2.5405e-01	8.5845e-02	3.2683e-02	1.8619e-01	2.5156e-01	5.3162e-02	-1.3263e-13	3.9056e-01	
1.6656e-03	1.0732e+03	1.0000e+05	1.2822e-01	2.5366e-01	8.4952e-02	3.2435e-02	1.8763e-01	2.5250e-01	5.2518e-02	1.4912e-13	3.8997e-01	
1.6937e-03	1.0732e+03	1.0000e+05	1.2841e-01	2.5328e-01	8.4076e-02	3.2189e-02	1.8904e-01	2.5342e-01	5.1887e-02	-6.5466e-14	3.8938e-01	
1.7218e-03	1.0732e+03	1.0000e+05	1.2860e-01	2.5291e-01	8.3216e-02	3.1945e-02	1.9043e-01	2.5432e-01	5.1271e-02	-8.9354e-13	3.8881e-01	
1.7499e-03	1.0732e+03	1.0000e+05	1.2878e-01	2.5255e-01	8.2371e-02	3.1703e-02	1.9180e-01	2.5521e-01	5.0667e-02	-1.6473e-13	3.8825e-01	
1.7780e-03	1.0732e+03	1.0000e+05	1.2897e-01	2.5219e-01	8.1543e-02	3.1465e-02	1.9314e-01	2.5607e-01	5.0078e-02	2.0281e-12	3.8770e-01	
1.7947e-03	1.0732e+03	1.0000e+05	1.2907e-01	2.5198e-01	8.1061e-02	3.1326e-02	1.9393e-01	2.5658e-01	4.9736e-02	3.5149e-13	3.8737e-01	
1.8113e-03	1.0732e+03	1.0000e+05	1.2918e-01	2.5177e-01	8.0582e-02	3.1186e-02	1.9470e-01	2.5708e-01	4.9396e-02	-3.3708e-12	3.8705e-01	
1.8211e-03	1.0732e+03	1.0000e+05	1.2924e-01	2.5165e-01	8.0303e-02	3.1104e-02	1.9516e-01	2.5737e-01	4.9199e-02	-5.4262e-13	3.8687e-01	
1.8308e-03	1.0732e+03	1.0000e+05	1.2930e-01	2.5153e-01	8.0026e-02	3.1023e-02	1.9561e-01	2.5765e-01	4.9003e-02	5.5374e-13	3.8668e-01	
1.8406e-03	1.0732e+03	1.0000e+05	1.2937e-01	2.5141e-01	7.9751e-02	3.0942e-02	1.9606e-01	2.5794e-01	4.8809e-02	-4.9525e-13	3.8650e-01	
1.8504e-03	1.0732e+03	1.0000e+05	1.2943e-01	2.5129e-01	7.9477e-02	3.0862e-02	1.9650e-01	2.5822e-01	4.8616e-02	-1.3045e-13	3.8632e-01	
1.8602e-03	1.0732e+03	1.0000e+05	1.2949e-01	2.5117e-01	7.9206e-02	3.0781e-02	1.9694e-01	2.5851e-01	4.8424e-02	3.3671e-12	3.8614e-01	
1.8670e-03	1.0732e+03	1.0000e+05	1.2953e-01	2.5109e-01	7.9018e-02	3.0726e-02	1.9725e-01	2.5870e-01	4.8292e-02	8.7800e-13	3.8601e-01	
1.8738e-03	1.0732e+03	1.0000e+05	1.2957e-01	2.5101e-01	7.8830e-02	3.0670e-02	1.9756e-01	2.5890e-01	4.8160e-02	-6.2795e-12	3.8589e-01	
1.8781e-03	1.0732e+03	1.0000e+05	1.2960e-01	2.5096e-01	7.8714e-02	3.0636e-02	1.9775e-01	2.5902e-01	4.8078e-02	-4.5499e-13	3.8581e-01	
1.8810e-03	1.0732e+03	1.0000e+05	1.2962e-01	2.5092e-01	7.8633e-02	3.0612e-02	1.9788e-01	2.5910e-01	4.8022e-02	2.6176e-13	3.8576e-01	
1.8839e-03	1.0732e+03	1.0000e+05	1.2963e-01	2.5089e-01	7.8553e-02	3.0588e-02	1.9801e-01	2.5918e-01	4.7966e-02	-5.4610e-15	3.8570e-01	
1.8869e-03	1.0732e+03	1.0000e+05	1.2965e-01	2.5086e-01	7.8473e-02	3.0564e-02	1.9814e-01	2.5927e-01	4.7909e-02	-9.3877e-14	3.8565e-01	
1.8898e-03	1.0732e+03	1.0000e+05	1.2967e-01	2.5082e-01	7.8393e-02	3.0540e-02	1.9827e-01	2.5935e-01	4.7853e-02	1.0288e-14	3.8560e-01	
1.8927e-03	1.0732e+03	1.0000e+05	1.2969e-01	2.5079e-01	7.8314e-02	3.0516e-02	1.9840e-01	2.5943e-01	4.7797e-02	-8.1564e-13	3.8554e-01	
1.8957e-03	1.0732e+03	1.0000e+05	1.2970e-01	2.5075e-01	7.8234e-02	3.0493e-02	1.9853e-01	2.5951e-01	4.7741e-02	1.1667e-15	3.8549e-01	
1.8986e-03	1.0732e+03	1.0000e+05	1.2972e-01	2.5072e-01	7.8155e-02	3.0469e-02	1.9866e-01	2.5959e-01	4.7686e-02	-8.5545e-15	3.8544e-01	
1.9015e-03	1.0732e+03	1.0000e+05	1.2974e-01	2.5068e-01	7.8075e-02	3.0445e-02	1.9879e-01	2.5968e-01	4.7630e-02	1.6455e-13	3.8539e-01	
1.9061e-03	1.0732e+03	1.0000e+05	1.2977e-01	2.5063e-01	7.7953e-02	3.0409e-02	1.9899e-01	2.5980e-01	4.7544e-02	-2.8268e-13	3.8530e-01	
1.9091e-03	1.0732e+03	1.0000e+05	1.2979e-01	2.5059e-01	7.7871e-02	3.0384e-02	1.9912e-01	2.5989e-01	4.7487e-02	-2.1499e-16	3.8525e-01	
1.9122e-03	1.0732e+03	1.0000e+05	1.2980e-01	2.5056e-01	7.7789e-02	3.0360e-02	1.9925e-01	2.5997e-01	4.7430e-02	7.3591e-14	3.8519e-01	
1.9152e-03	1.0732e+03	1.0000e+05	1.2982e-01	2.5052e-01	7.7708e-02	3.0336e-02	1.9939e-01	2.6006e-01	4.7373e-02	3.4391e-14	3.8514e-01	
1.9182e-03	1.0732e+03	1.0000e+05	1.2984e-01	2.5049e-01	7.7627e-02	3.0311e-02	1.9952e-01	2.6014e-01	4.7316e-02	-2.7298e-14	3.8509e-01	
1.9213e-03	1.0732e+03	1.0000e+05	1.2986e-01	2.5045e-01	7.7546e-02	3.0287e-02	1.9965e-01	2.6022e-01	4.7259e-02	-6.5921e-15	3.8503e-01	
1.9243e-03	1.0732e+03	1.0000e+05	1.2988e-01	2.5042e-01	7.7465e-02	3.0263e-02	1.9979e-01	2.6031e-01	4.7203e-02	7.3461e-15	3.8498e-01	
1.9291e-03	1.0732e+03	1.0000e+05	1.2991e-01	2.5036e-01	7.7339e-02	3.0225e-02	1.9999e-01	2.6044e-01	4.7114e-02	4.1241e-17	3.8489e-01	
1.9338e-03	1.0732e+03	1.0000e+05	1.2993e-01	2.5031e-01	7.7213e-02	3.0187e-02	2.0020e-01	2.6057e-01	4.7026e-02	-2.7577e-15	3.8481e-01	
1.9386e-03	1.0732e+03	1.0000e+05	1.2996e-01	2.5025e-01	7.7087e-02	3.0149e-02	2.0040e-01	2.6070e-01	4.6938e-02	-1.6248e-16	3.8473e-01	
1.9488e-03	1.0732e+03	1.0000e+05	1.3002e-01	2.5014e-01	7.6819e-02	3.0068e-02	2.0084e-01	2.6097e-01	4.6751e-02	-3.6877e-17	3.8455e-01	
1.9590e-03	1.0732e+03	1.0000e+05	1.3008e-01	2.5002e-01	7.6552e-02	2.9987e-02	2.0128e-01	2.6125e-01	4.6565e-02	3.7336e-15	3.8437e-01	
1.9692e-03	1.0732e+03	1.0000e+05	1.3014e-01	2.4991e-01	7.6287e-02	2.9907e-02	2.0171e-01	2.6152e-01	4.6380e-02	8.9664e-16	3.8419e-01	
1.9795e-03	1.0732e+03	1.0000e+05	1.3020e-01	2.4979e-01	7.6023e-02	2.9827e-02	2.0214e-01	2.6179e-01	4.6196e-02	-8.0586e-17	3.8402e-01	
2.0155e-03	1.0732e+03	1.0000e+05	1.3041e-01	2.4939e-01	7.5105e-02	2.9546e-02	2.0365e-01	2.6274e-01	4.5559e-02	-1.3310e-17	3.8340e-01	
2.0516e-03	1.0732e+03	1.0000e+05	1.3061e-01	2.4900e-01	7.4206e-02	2.9269e-02	2.0512e-01	2.6366e-01	4.4937e-02	-2.7767e-18	3.8281e-01	
2.0877e-03	1.0732e+03	1.0000e+05	1.3081e-01	2.4862e-01	7.3327e-02	2.8996e-02	2.0657e-01	2.6456e-01	4.4331e-02	-9.3131e-17	3.8222e-01	
2.1238e-03	1.0732e+03	1.0000e+05	1.3101e-01	2.4825e-01	7.2466e-02	2.8727e-02	2.0799e-01	2.6544e-01	4.3739e-02	5.2749e-17	3.8165e-01	
2.1599e-03	1.0732e+03	1.0000e+05	1.3120e-01	2.4788e-01	7.1624e-02	2.8462e-02	2.0937e-01	2.6629e-01	4.3162e-02	-8.0371e-18	3.8108e-01	
2.1960e-03	1.0732e+03	1.0000e+05	1.3139e-01	2.4753e-01	7.0799e-02	2.8200e-02	2.1074e-01	2.6713e-01	4.2598e-02	-1.4697e-17	3.8053e-01	
2.2616e-03	1.0732e+03	1.0000e+05	1.3173e-01	2.4689e-01	6.9342e-02	2.7734e-02	2.1314e-01	2.6861e-01	4.1607e-02	1.2185e-17	3.7956e-01	
2.3272e-03	1.0732e+03	1.0000e+05	1.3206e-01	2.4629e-01	6.7938e-02	2.7280e-02	2.1547e-01	2.7003e-01	4.0658e-02	2.4761e-18	3.7863e-01	
2.3928e-03	1.0732e+03	1.0000e+05	1.3237e-01	2.4570e-01	6.6584e-02	2.6837e-02	2.1772e-01	2.7139e-01	3.9747e-02	-2.6103e-17	3.7772e-01	
2.4584e-03	1.0732e+03	1.0000e+05	1.3268e-01	2.4513e-01	6.5278e-02	2.6406e-02	2.1989e-01	2.7270e-01	3.8872e-02	1.9072e-17	3.7685e-01	
2.5678e-03	1.0732e+03	1.0000e+05	1.3317e-01	2.4423e-01	6.3198e-02	2.5710e-02	2.2336e-01	2.7478e-01	3.7488e-02	-1.4400e-18	3.7547e-01	
2.6772e-03	1.0732e+03	1.0000e+05	1.3363e-01	2.4338e-01	6.1234e-02	2.5044e-02	2.2665e-01	2.7673e-01	3.6191e-02	-4.6191e-17	3.7416e-01	
2.7865e-03	1.0732e+03	1.0000e+05	1.3408e-01	2.4257e-01	5.9377e-02	2.4405e-02	2.2976e-01	2.7857e-01	3.4972e-02	-2.2319e-17	3.7292e-01	
2.8959e-03	1.0732e+03	1.0000e+05	1.3450e-01	2.4181e-01	5.7617e-02	2.3792e-02	2.3272e-01	2.8030e-01	3.3825e-02	2.4040e-17	3.7175e-01	
3.0053e-03	1.0732e+03	1.0000e+05	1.3490e-01	2.4109e-01	5.5949e-02	2.3205e-02	2.3553e-01	2.8194e-01	3.2744e-02	-8.8878e-18	3.7063e-01	
3.1147e-03	1.0732e+03	1.0000e+05	1.3529e-01	2.4040e-01	5.4365e-02	2.2641e-02	2.3821e-01	2.8349e-01	3.1724e-02	-2.5915e-17	3.6958e-01	
3.2241e-03	1.0732e+03	1.0000e+05	1.3566e-01	2.3975e-01	5.2860e-02	2.2100e-02	2.4076e-01	2.8495e-01	3.0760e-02	1.8320e-17	3.6857e-01	
3.3335e-03	1.0732e+03	1.0000e+05	1.3601e-01	2.3913e-01	5.1428e-02	2.1581e-02	2.4318e-01	2.8634e-01	2.9847e-02	1.6267e-17	3.6762e-01	
3.4428e-03	1.0732e+03	1.0000e+05	1.3635e-01	2.3854e-01	5.0064e-02	2.1082e-02	2.4550e-01	2.8766e-01	2.8982e-02	-2.8900e-17	3.6671e-01	
3.5522e-03	1.0732e+03	1.0000e+05	1.3667e-01	2.3797e-01	4.8764e-02	2.0603e-02	2.4771e-01	2.8891e-01	2.8161e-02	-6.2340e-18	3.6584e-01	
3.6616e-03	1.0732e+03	1.0000e+05	1.3698e-01	2.3743e-01	4.7525e-02	2.0142e-02	2.4983e-01	2.9011e-01	2.7382e-02	3.4653e-17	3.6502e-01	
3.8266e-03	1.0732e+03	1.0000e+05	1.3742e-01	2.3667e-01	4.5759e-02	1.9481e-02	2.5284e-01	2.9180e-01	2.6278e-02	-3.4253e-17	3.6384e-01	
3.9916e-03	1.0732e+03	1.0000e+05	1.3784e-01	2.3595e-01	4.4111e-02	1.8857e-02	2.5566e-01	2.9337e-01	2.5253e-02	-1.5430e-17	3.6274e-01	
4.1567e-03	1.0732e+03	1.0000e+05	1.3823e-01	2.3528e-01	4.2568e-02	1.8268e-02	2.5831e-01	2.9484e-01	2.4300e-02	1.6085e-16	3.6171e-01	
4.3217e-03	1.0732e+03	1.0000e+05	1.3860e-01	2.3466e-01	4.1122e-02	1.7712e-02	2.6079e-01	2.9621e-01	2.3410e-02	-3.6523e-17	3.6075e-01	
4.4867e-03	1.0732e+03	1.0000e+05	1.3895e-01	2.3407e-01	3.9766e-02	1.7186e-02	2.6313e-01	2.9750e-01	2.2580e-02	-2.8312e-16	3.5985e-01	
4.6517e-03	1.0732e+03	1.0000e+05	1.3928e-01	2.3352e-01	3.8491e-02	1.6688e-02	2.6533e-01	2.9870e-01	2.1803e-02	2.2369e-16	3.5900e-01	
4.8167e-03	1.0732e+03	1.0000e+05	1.3959e-01	2.3300e-01	3.7291e-02	1.6217e-02	2.6740e-01	2.9983e-01	2.1075e-02	4.4265e-16	3.5820e-01	
4.9817e-03	1.0732e+03	1.0000e+05	1.3988e-01	2.3251e-01	3.6162e-02	1.5770e-02	2.6935e-01	3.0089e-01	2.0391e-02	-7.2307e-16	3.5744e-01	
5.1467e-03	1.0732e+03	1.0000e+05	1.4016e-01	2.3204e-01	3.5096e-02	1.5347e-02	2.7119e-01	3.0188e-01	1.9750e-02	-5.5382e-16	3.5673e-01	
5.3117e-03	1.0732e+03	1.0000e+05	1.4043e-01	2.3161e-01	3.4090e-02	1.4944e-02	2.7294e-01	3.0282e-01	1.9146e-02	1.8687e-15	3.5606e-01	
5.4768e-03	1.0732e+03	1.0000e+05	1.4068e-01	2.3120e-01	3.3140e-02	1.4563e-02	2.7459e-01	3.0371e-01	1.8577e-02	2.5774e-16	3.5543e-01	
5.6418e-03	1.0732e+03	1.0000e+05	1.4091e-01	2.3081e-01	3.2241e-02	1.4200e-02	2.7615e-01	3.0454e-01	1.8041e-02	-7.7537e-16	3.5483e-01	
5.8068e-03	1.0732e+03	1.0000e+05	1.4114e-01	2.3044e-01	3.1389e-02	1.3854e-02	2.7763e-01	3.0533e-01	1.7535e-02	5.2964e-15	3.5426e-01	
5.9718e-03	1.0732e+03	1.0000e+05	1.4135e-01	2.3009e-01	3.0583e-02	1.3526e-02	2.7903e-01	3.0608e-01	1.7057e-02	3.8624e-15	3.5372e-01	
6.0823e-03	1.0732e+03	1.0000e+05	1.4149e-01	2.2986e-01	3.0065e-02	1.3315e-02	2.7993e-01	3.0656e-01	1.6750e-02	-5.1317e-18	3.5338e-01	
6.1929e-03	1.0732e+03	1.0000e+05	1.4163e-01	2.2965e-01	2.9566e-02	1.3111e-02	2.8080e-01	3.0702e-01	1.6455e-02	1.6690e-17	3.5304e-01	
6.3034e-03	1.0732e+03	1.0000e+05	1.4175e-01	2.2944e-01	2.9084e-02	1.2913e-02	2.8164e-01	3.0747e-01	1.6171e-02	-2.0202e-15	3.5272e-01	
6.4140e-03	1.0732e+03	1.0000e+05	1.4188e-01	2.2924e-01	2.8619e-02	1.2722e-02	2.8245e-01	3.0790e-01	1.5897e-02	-4.1705e-15	3.5241e-01	
6.5245e-03	1.0732e+03	1.0000e+05	1.4200e-01	2.2904e-01	2.8168e-02	1.2536e-02	2.8324e-01	3.0831e-01	1.5632e-02	3.2630e-15	3.5211e-01	
6.6351e-03	1.0732e+03	1.0000e+05	1.4212e-01	2.2885e-01	2.7733e-02	1.2356e-02	2.8400e-01	3.0871e-01	1.5377e-02	-2.8193e-16	3.5182e-01	
6.7456e-03	1.0732e+03	1.0000e+05	1.4223e-01	2.2867e-01	2.7312e-02	1.2182e-02	2.8474e-01	3.0910e-01	1.5130e-02	-9.1097e-16	3.5154e-01	
6.8561e-03	1.0732e+03	1.0000e+05	1.4234e-01	2.2849e-01	2.6905e-02	1.2014e-02	2.8545e-01	3.0947e-01	1.4892e-02	8.8824e-16	3.5127e-01	
6.9667e-03	1.0732e+03	1.0000e+05	1.4245e-01	2.2832e-01	2.6511e-02	1.1850e-02	2.8614e-01	3.0983e-01	1.4661e-02	-3.5035e-16	3.5101e-01	
7.0772e-03	1.0732e+03	1.0000e+05	1.4255e-01	2.2816e-01	2.6130e-02	1.1691e-02	2.8680e-01	3.1018e-01	1.4439e-02	-2.3140e-16	3.5075e-01	
7.1878e-03	1.0732e+03	1.0000e+05	1.4265e-01	2.2800e-01	2.5761e-02	1.1537e-02	2.8745e-01	3.1052e-01	1.4224e-02	4.2820e-16	3.5051e-01	
7.2983e-03	1.0732e+03	1.0000e+05	1.4275e-01	2.2784e-01	2.5403e-02	1.1388e-02	2.8807e-01	3.1085e-01	1.4015e-02	-2.3564e-16	3.5027e-01	
7.5256e-03	1.0732e+03	1.0000e+05	1.4294e-01	2.2754e-01	2.4703e-02	1.1095e-02	2.8930e-01	3.1149e-01	1.3608e-02	-5.0847e-18	3.4980e-01	
7.6761e-03	1.0732e+03	1.0000e+05	1.4306e-01	2.2735e-01	2.4263e-02	1.0910e-02	2.9007e-01	3.1189e-01	1.3353e-02	9.5154e-18	3.4951e-01	
7.8266e-03	1.0732e+03	1.0000e+05	1.4317e-01	2.2716e-01	2.3842e-02	1.0733e-02	2.9081e-01	3.1228e-01	1.3109e-02	-6.3889e-16	3.4923e-01	
7.9772e-03	1.0732e+03	1.0000e+05	1.4328e-01	2.2699e-01	2.3438e-02	1.0562e-02	2.9152e-01	3.1264e-01	1.2875e-02	2.1646e-16	3.4896e-01	
8.1277e-03	1.0732e+03	1.0000e+05	1.4339e-01	2.2682e-01	2.3050e-02	1.0399e-02	2.9220e-01	3.1300e-01	1.2651e-02	2.2187e-16	3.4870e-01	
8.2782e-03	1.0732e+03	1.0000e+05	1.4349e-01	2.2666e-01	2.2678e-02	1.0241e-02	2.9286e-01	3.1334e-01	1.2436e-02	-3.8540e-16	3.4845e-01	
8.4287e-03	1.0732e+03	1.0000e+05	1.4359e-01	2.2650e-01	2.2320e-02	1.0090e-02	2.9348e-01	3.1366e-01	1.2230e-02	1.9782e-16	3.4821e-01	
8.5792e-03	1.0732e+03	1.0000e+05	1.4368e-01	2.2636e-01	2.1977e-02	9.9441e-03	2.9409e-01	3.1397e-01	1.2033e-02	1.6727e-16	3.4799e-01	
8.8164e-03	1.0732e+03	1.0000e+05	1.4383e-01	2.2613e-01	2.1463e-02	9.7255e-03	2.9499e-01	3.1444e-01	1.1737e-02	-3.0339e-17	3.4764e-01	
9.0535e-03	1.0732e+03	1.0000e+05	1.4396e-01	2.2592e-01	2.0980e-02	9.5196e-03	2.9584e-01	3.1488e-01	1.1460e-02	-9.4393e-16	3.4732e-01	
9.2907e-03	1.0732e+03	1.0000e+05	1.4408e-01	2.2573e-01	2.0525e-02	9.3254e-03	2.9664e-01	3.1529e-01	1.1200e-02	-5.8867e-16	3.4702e-01	
9.5278e-03	1.0732e+03	1.0000e+05	1.4420e-01	2.2554e-01	2.0097e-02	9.1423e-03	2.9740e-01	3.1568e-01	1.0955e-02	1.6228e-16	3.4673e-01	
9.7650e-03	1.0732e+03	1.0000e+05	1.4432e-01	2.2537e-01	1.9694e-02	8.9694e-03	2.9811e-01	3.1604e-01	1.0725e-02	-7.6137e-17	3.4646e-01	
1.0002e-02	1.0732e+03	1.0000e+05	1.4442e-01	2.2520e-01	1.9314e-02	8.8061e-03	2.9878e-01	3.1639e-01	1.0508e-02	-1.4287e-16	3.4621e-01	
1.0239e-02	1.0732e+03	1.0000e+05	1.4452e-01	2.2505e-01	1.8955e-02	8.6518e-03	2.9941e-01	3.1671e-01	1.0304e-02	1.4954e-16	3.4597e-01	
1.0603e-02	1.0732e+03	1.0000e+05	1.4466e-01	2.2482e-01	1.8444e-02	8.4313e-03	3.0031e-01	3.1717e-01	1.0013e-02	-1.2576e-17	3.4563e-01	
1.0967e-02	1.0732e+03	1.0000e+05	1.4479e-01	2.2462e-01	1.7975e-02	8.2286e-03	3.0114e-01	3.1759e-01	9.7466e-03	-1.3315e-17	3.4532e-01	
1.1331e-02	1.0732e+03	1.0000e+05	1.4491e-01	2.2443e-01	1.7545e-02	8.0423e-03	3.0190e-01	3.1798e-01	9.5027e-03	3.4518e-16	3.4503e-01	
1.1695e-02	1.0732e+03	1.0000e+05	1.4503e-01	2.2426e-01	1.7150e-02	7.8708e-03	3.0260e-01	3.1834e-01	9.2789e-03	-1.0203e-16	3.4477e-01	
1.2059e-02	1.0732e+03	1.0000e+05	1.4513e-01	2.2410e-01	1.6786e-02	7.7128e-03	3.0324e-01	3.1866e-01	9.0734e-03	-2.5000e-16	3.4452e-01	
1.2423e-02	1.0732e+03	1.0000e+05	1.4522e-01	2.2396e-01	1.6451e-02	7.5671e-03	3.0383e-01	3.1896e-01	8.8844e-03	3.5771e-16	3.4430e-01	
1.2787e-02	1.0732e+03	1.0000e+05	1.4531e-01	2.2383e-01	1.6143e-02	7.4326e-03	3.0438e-01	3.1924e-01	8.7104e-03	-5.1076e-17	3.4410e-01	
1.3151e-02	1.0732e+03	1.0000e+05	1.4539e-01	2.2370e-01	1.5859e-02	7.3084e-03	3.0488e-01	3.1950e-01	8.5501e-03	-4.0775e-16	3.4391e-01	
1.3514e-02	1.0732e+03	1.0000e+05	1.4546e-01	2.2359e-01	1.5596e-02	7.1936e-03	3.0535e-01	3.1973e-01	8.4023e-03	4.5765e-16	3.4373e-01	
1.4221e-02	1.0732e+03	1.0000e+05	1.4559e-01	2.2339e-01	1.5142e-02	6.9947e-03	3.0615e-01	3.2014e-01	8.1470e-03	-8.0273e-18	3.4343e-01	
1.4928e-02	1.0732e+03	1.0000e+05	1.4570e-01	2.2322e-01	1.4751e-02	6.8235e-03	3.0684e-01	3.2049e-01	7.9279e-03	-2.5047e-16	3.4317e-01	
1.5415e-02	1.0732e+03	1.0000e+05	1.4577e-01	2.2312e-01	1.4514e-02	6.7193e-03	3.0726e-01	3.2070e-01	7.7948e-03	-1.9925e-17	3.4301e-01	
1.5903e-02	1.0732e+03	1.0000e+05	1.4583e-01	2.2303e-01	1.4300e-02	6.6250e-03	3.0764e-01	3.2089e-01	7.6747e-03	-1.8788e-16	3.4287e-01	
1.6390e-02	1.0732e+03	1.0000e+05	1.4588e-01	2.2294e-01	1.4106e-02	6.5398e-03	3.0799e-01	3.2106e-01	7.5664e-03	-3.5551e-17	3.4274e-01	
1.6878e-02	1.0732e+03	1.0000e+05	1.4593e-01	2.2287e-01	1.3931e-02	6.4626e-03	3.0830e-01	3.2122e-01	7.4684e-03	2.7194e-16	3.4262e-01	
1.7365e-02	1.0732e+03	1.0000e+05	1.4598e-01	2.2280e-01	1.3772e-02	6.3927e-03	3.0858e-01	3.2136e-01	7.3797e-03	-1.6035e-16	3.4252e-01	
1.7853e-02	1.0732e+03	1.0000e+05	1.4602e-01	2.2274e-01	1.3629e-02	6.3294e-03	3.0883e-01	3.2149e-01	7.2994e-03	-1.9279e-16	3.4242e-01	
1.8341e-02	1.0732e+03	1.0000e+05	1.4606e-01	2.2268e-01	1.3499e-02	6.2719e-03	3.0906e-01	3.2161e-01	7.2268e-03	4.0742e-16	3.4233e-01	
1.8828e-02	1.0732e+03	1.0000e+05	1.4609e-01	2.2263e-01	1.3381e-02	6.2198e-03	3.0927e-01	3.2171e-01	7.1610e-03	-1.2328e-16	3.4225e-01	
1.9316e-02	1.0732e+03	1.0000e+05	1.4612e-01	2.2258e-01	1.3274e-02	6.1725e-03	3.0946e-01	3.2181e-01	7.1012e-03	-4.5815e-16	3.4218e-01	
1.9803e-02	1.0732e+03	1.0000e+05	1.4615e-01	2.2254e-01	1.3177e-02	6.1296e-03	3.0964e-01	3.2189e-01	7.0470e-03	6.0408e-16	3.4212e-01	
2.0291e-02	1.0732e+03	1.0000e+05	1.4617e-01	2.2250e-01	1.3088e-02	6.0906e-03	3.0979e-01	3.2197e-01	6.9979e-03	7.7202e-17	3.4206e-01	
2.1161e-02	1.0732e+03	1.0000e+05	1.4621e-01	2.2244e-01	1.2951e-02	6.0296e-03	3.1004e-01	3.2209e-01	6.9211e-03	-2.0585e-16	3.4197e-01	
2.1763e-02	1.0732e+03	1.0000e+05	1.4624e-01	2.2241e-01	1.2868e-02	5.9931e-03	3.1018e-01	3.2217e-01	6.8752e-03	-1.1053e-16	3.4191e-01	
2.2365e-02	1.0732e+03	1.0000e+05	1.4626e-01	2.2237e-01	1.2795e-02	5.9607e-03	3.1031e-01	3.2223e-01	6.8344e-03	4.5553e-16	3.4186e-01	
2.2968e-02	1.0732e+03	1.0000e+05	1.4628e-01	2.2235e-01	1.2730e-02	5.9318e-03	3.1043e-01	3.2229e-01	6.7981e-03	5.3685e-17	3.4182e-01	
2.3570e-02	1.0732e+03	1.0000e+05	1.4629e-01	2.2232e-01	1.2672e-02	5.9061e-03	3.1053e-01	3.2234e-01	6.7659e-03	-3.0672e-16	3.4178e-01	
2.4172e-02	1.0732e+03	1.0000e+05	1.4631e-01	2.2230e-01	1.2620e-02	5.8833e-03	3.1062e-01	3.2239e-01	6.7372e-03	1.9934e-16	3.4175e-01	
2.4774e-02	1.0732e+03	1.0000e+05	1.4632e-01	2.2228e-01	1.2575e-02	5.8629e-03	3.1070e-01	3.2243e-01	6.7116e-03	1.6043e-16	3.4172e-01	
2.5376e-02	1.0732e+03	1.0000e+05	1.4633e-01	2.2226e-01	1.2534e-02	5.8448e-03	3.1078e-01	3.2247e-01	6.6889e-03	-2.9093e-16	3.4169e-01	
2.5978e-02	1.0732e+03	1.0000e+05	1.4634e-01	2.2224e-01	1.2497e-02	5.8287e-03	3.1084e-01	3.2250e-01	6.6687e-03	3.5140e-17	3.4167e-01	
2.6581e-02	1.0732e+03	1.0000e+05	1.4635e-01	2.2223e-01	1.2465e-02	5.8143e-03	3.1090e-01	3.2253e-01	6.6507e-03	2.4455e-16	3.4164e-01	
2.7183e-02	1.0732e+03	1.0000e+05	1.4636e-01	2.2222e-01	1.2436e-02	5.8015e-03	3.1095e-01	3.2255e-01	6.6346e-03	-1.8908e-16	3.4162e-01	
2.7785e-02	1.0732e+03	1.0000e+05	1.4637e-01	2.2221e-01	1.2410e-02	5.7901e-03	3.1100e-01	3.2257e-01	6.6204e-03	-1.0446e-16	3.4161e-01	
2.8387e-02	1.0732e+03	1.0000e+05	1.4637e-01	2.2220e-01	1.2388e-02	5.7800e-03	3.1104e-01	3.2260e-01	6.6076e-03	2.4204e-16	3.4159e-01	
2.8989e-02	1.0732e+03	1.0000e+05	1.4638e-01	2.2219e-01	1.2367e-02	5.7709e-03	3.1107e-01	3.2261e-01	6.5963e-03	-5.8269e-17	3.4158e-01	
2.9944e-02	1.0732e+03	1.0000e+05	1.4639e-01	2.2218e-01	1.2339e-02	5.7586e-03	3.1112e-01	3.2264e-01	6.5808e-03	-2.5443e-20	3.4156e-01	
3.0899e-02	1.0732e+03	1.0000e+05	1.4639e-01	2.2217e-01	1.2316e-02	5.7483e-03	3.1116e-01	3.2266e-01	6.5679e-03	8.3021e-17	3.4154e-01	
3.1853e-02	1.0732e+03	1.0000e+05	1.4640e-01	2.2216e-01	1.2297e-02	5.7397e-03	3.1120e-01	3.2268e-01	6.5571e-03	-3.3635e-16	3.4153e-01	
3.2808e-02	1.0732e+03	1.0000e+05	1.4640e-01	2.2215e-01	1.2281e-02	5.7325e-03	3.1123e-01	3.2269e-01	6.5482e-03	3.8102e-17	3.4152e-01	
3.3763e-02	1.0732e+03	1.0000e+05	1.4641e-01	2.2214e-01	1.2267e-02	5.7265e-03	3.1125e-01	3.2270e-01	6.5407e-03	-2.8129e-18	3.4151e-01	
3.4717e-02	1.0732e+03	1.0000e+05	1.4641e-01	2.2214e-01	1.2256e-02	5.7215e-03	3.1127e-01	3.2271e-01	6.5344e-03	-1.0199e-18	3.4150e-01	
3.5672e-02	1.0732e+03	1.0000e+05	1.4641e-01	2.2214e-01	1.2247e-02	5.7174e-03	3.1129e-01	3.2272e-01	6.5293e-03	4.5643e-19	3.4150e-01	
3.6627e-02	1.0732e+03	1.0000e+05	1.4642e-01	2.2213e-01	1.2239e-02	5.7139e-03	3.1130e-01	3.2273e-01	6.5249e-03	-1.0284e-19	3.4149e-01	
3.7582e-02	1.0732e+03	1.0000e+05	1.4642e-01	2.2213e-01	1.2232e-02	5.7110e-03	3.1131e-01	3.2273e-01	6.5213e-03	4.1340e-21	3.4149e-01	
3.8536e-02	1.0732e+03	1.0000e+05	1.4642e-01	2.2213e-01	1.2227e-02	5.7086e-03	3.1132e-01	3.2274e-01	6.5183e-03	3.5478e-21	3.4149e-01	
3.9491e-02	1.0732e+03	1.0000e+05	1.4642e-01	2.2213e-01	1.2222e-02	5.7066e-03	3.1133e-01	3.2274e-01	6.5158e-03	-1.6335e-21	3.4148e-01	
4.0996e-02	1.0732e+03	1.0000e+05	1.4642e-01	2.2212e-01	1.2217e-02	5.7041e-03	3.1134e-01	3.2275e-01	6.5127e-03	1.5107e-21	3.4148e-01	
4.2500e-02	1.0732e+03	1.0000e+05	1.4642e-01	2.2212e-01	1.2212e-02	5.7022e-03	3.1135e-01	3.2275e-01	6.5103e-03	-1.2790e-22	3.4148e-01	
4.4005e-02	1.0732e+03	1.0000e+05	1.4642e-01	2.2212e-01	1.2209e-02	5.7008e-03	3.1135e-01	3.2275e-01	6.5085e-03	4.0491e-21	3.4147e-01	
4.5509e-02	1.0732e+03	1.0000e+05	1.4642e-01	2.2212e-01	1.2207e-02	5.6998e-03	3.1136e-01	3.2276e-01	6.5072e-03	-6.9686e-21	3.4147e-01	
4.7014e-02	1.0732e+03	1.0000e+05	1.4643e-01	2.2212e-01	1.2205e-02	5.6990e-03	3.1136e-01	3.2276e-01	6.5062e-03	1.2001e-20	3.4147e-01	
4.8519e-02	1.0732e+03	1.0000e+05	1.4643e-01	2.2212e-01	1.2204e-02	5.6984e-03	3.1136e-01	3.2276e-01	6.5054e-03	-1.2704e-20	3.4147e-01	
5.0023e-02	1.0732e+03	1.0000e+05	1.4643e-01	2.2212e-01	1.2203e-02	5.6979e-03	3.1137e-01	3.2276e-01	6.5049e-03	9.2907e-21	3.4147e-01	
5.2404e-02	1.0732e+03	1.0000e+05	1.4643e-01	2.2212e-01	1.2202e-02	5.6974e-03	3.1137e-01	3.2276e-01	6.5043e-03	-9.3802e-21	3.4147e-01	
5.4784e-02	1.0732e+03	1.0000e+05	1.4643e-01	2.2212e-01	1.2201e-02	5.6971e-03	3.1137e-01	3.2276e-01	6.5039e-03	-2.4486e-20	3.4147e-01	
5.7164e-02	1.0732e+03	1.0000e+05	1.4643e-01	2.2212e-01	1.2200e-02	5.6969e-03	3.1137e-01	3.2276e-01	6.5036e-03	-1.8747e-20	3.4147e-01	
5.9545e-02	1.0732e+03	1.0000e+05	1.4643e-01	2.2212e-01	1.2200e-02	5.6968e-03	3.1137e-01	3.2276e-01	6.5035e-03	4.9157e-22	3.4147e-01	
6.1925e-02	1.0732e+03	1.0000e+05	1.4643e-01	2.2212e-01	1.2200e-02	5.6967e-03	3.1137e-01	3.2276e-01	6.5034e-03	-3.4434e-21	3.4147e-01	
6.4305e-02	1.0732e+03	1.0000e+05	1.4643e-01	2.2212e-01	1.2200e-02	5.6966e-03	3.1137e-01	3.2276e-01	6.5033e-03	8.7125e-21	3.4147e-01	
6.8055e-02	1.0732e+03	1.0000e+05	1.4643e-01	2.2212e-01	1.2200e-02	5.6966e-03	3.1137e-01	3.2276e-01	6.5032e-03	-3.8424e-20	3.4147e-01	
7.1804e-02	1.0732e+03	1.0000e+05	1.4643e-01	2.2212e-01	1.2200e-02	5.6966e-03	3.1137e-01	3.2276e-01	6.5032e-03	-5.3191e-23	3.4147e-01	
7.5554e-02	1.0732e+03	1.0000e+05	1.4643e-01	2.2212e-01	1.2200e-02	5.6965e-03	3.1137e-01	3.2276e-01	6.5032e-03	-6.8436e-20	3.4147e-01	
7.9303e-02	1.0732e+03	1.0000e+05	1.4643e-01	2.2212e-01	1.2200e-02	5.6966e-03	3.1137e-01	3.2276e-01	6.5032e-03	-8.9572e-21	3.4147e-01	
8.3053e-02	1.0732e+03	1.0000e+05	1.4643e-01	2.2212e-01	1.2200e-02	5.6966e-03	3.1137e-01	3.2276e-01	6.5032e-03	-1.2069e-20	3.4147e-01	
8.6802e-02	1.0732e+03	1.0000e+05	1.4643e-01	2.2212e-01	1.2200e-02	5.6966e-03	3.1137e-01	3.2276e-01	6.5032e-03	2.1737e-20	3.4147e-01	
9.0551e-02	1.0732e+03	1.0000e+05	1.4643e-01	2.2212e-01	1.2200e-02	5.6966e-03	3.1137e-01	3.2276e-01	6.5032e-03	-2.0793e-20	3.4147e-01	
9.4301e-02	1.0732e+03	1.0000e+05	1.4643e-01	2.2212e-01	1.2200e-02	5.6966e-03	3.1137e-01	3.2276e-01	6.5032e-03	6.4344e-21	3.4147e-01	
9.8050e-02	1.0732e+03	1.0000e+05	1.4643e-01	2.2212e-01	1.2200e-02	5.6966e-03	3.1137e-01	3.2276e-01	6.5032e-03	5.5583e-21	3.4147e-01	
1.0180e-01	1.0732e+03	1.0000e+05	1.4643e-01	2.2212e-01	1.2200e-02	5.6966e-03	3.1137e-01	3.2276e-01	6.5032e-03	-2.4945e-21	3.4147e-01	
1.0555e-01	1.0732e+03	1.0000e+05	1.4643e-01	2.2212e-01	1.2200e-02	5.6966e-03	3.1137e-01	3.2276e-01	6.5032e-03	-3.1725e-21	3.4147e-01	
1.0930e-01	1.0732e+03	1.0000e+05	1.4643e-01	2.2212e-01	1.2200e-02	5.6966e-03	3.1137e-01	3.2276e-01	6.5032e-03	1.1439e-21	3.4147e-01	
1.1305e-01	1.0732e+03	1.0000e+05	1.4643e-01	2.2212e-01	1.2200e-02	5.6966e-03	3.1137e-01	3.2276e-01	6.5032e-03	2.7165e-21	3.4147e-01	
1.1680e-01	1.0732e+03	1.0000e+05	1.4643e-01	2.2212e-01	1.2200e-02	5.6966e-03	3.1137e-01	3.2276e-01	6.5032e-03	6.5129e-23	3.4147e-01	
1.2055e-01	1.0732e+03	1.0000e+05	1.4643e-01	2.2212e-01	1.2200e-02	5.6966e-03	3.1137e-01	3.2276e-01	6.5032e-03	-1.6313e-21	3.4147e-01	
1.2622e-01	1.0732e+03	1.0000e+05	1.4643e-01	2.2212e-01	1.2200e-02	5.6966e-03	3.1137e-01	3.2276e-01	6.5032e-03	-1.5047e-21	3.4147e-01	
1.3190e-01	1.0732e+03	1.0000e+05	1.4643e-01	2.2212e-01	1.2200e-02	5.6966e-03	3.1137e-01	3.2276e-01	6.5032e-03	4.0800e-22	3.4147e-01	
1.3757e-01	1.0732e+03	1.0000e+05	1.4643e-01	2.2212e-01	1.2200e-02	5.6966e-03	3.1137e-01	3.2276e-01	6.5032e-03	3.9122e-22	3.4147e-01	
1.4325e-01	1.0732e+03	1.0000e+05	1.4643e-01	2.2212e-01	1.2200e-02	5.6966e-03	3.1137e-01	3.2276e-01	6.5032e-03	8.9058e-22	3.4147e-01	
1.5246e-01	1.0732e+03	1.0000e+05	1.4643e-01	2.2212e-01	1.2200e-02	5.6966e-03	3.1137e-01	3.2276e-01	6.5032e-03	-2.7424e-21	3.4147e-01	
1.6168e-01	1.0732e+03	1.0000e+05	1.4643e-01	2.2212e-01	1.2200e-02	5.6966e-03	3.1137e-01	3.2276e-01	6.5032e-03	-3.6830e-21	3.4147e-01	
1.7090e-01	1.0732e+03	1.0000e+05	1.4643e-01	2.2212e-01	1.2200e-02	5.6966e-03	3.1137e-01	3.2276e-01	6.5032e-03	-5.1817e-22	3.4147e-01	
1.8651e-01	1.0732e+03	1.0000e+05	1.4643e-01	2.2212e-01	1.2200e-02	5.6966e-03	3.1137e-01	3.2276e-01	6.5032e-03	7.1615e-22	3.4147e-01	
2.0212e-01	1.0732e+03	1.0000e+05	1.4643e-01	2.2212e-01	1.2200e-02	5.6966e-03	3.1137e-01	3.2276e-01	6.5032e-03	-9.7840e-22	3.4147e-01	
2.1773e-01	1.0732e+03	1.0000e+05	1.4643e-01	2.2212e-01	1.2200e-02	5.6966e-03	3.1137e-01	3.2276e-01	6.5032e-03	3.4847e-22	3.4147e-01	
2.3334e-01	1.0732e+03	1.0000e+05	1.4643e-01	2.2212e-01	1.2200e-02	5.6966e-03	3.1137e-01	3.2276e-01	6.5032e-03	1.3422e-21	3.4147e-01	
2.5792e-01	1.0732e+03	1.0000e+05	1.4643e-01	2.2212e-01	1.2200e-02	5.6966e-03	3.1137e-01	3.2276e-01	6.5032e-03	-4.1849e-22	3.4147e-01	
2.8250e-01	1.0732e+03	1.0000e+05	1.4643e-01	2.2212e-01	1.2200e-02	5.6966e-03	3.1137e-01	3.2276e-01	6.5032e-03	-5.8887e-22	3.4147e-01	
3.0000e-01	1.0732e+03	1.0000e+05	1.4643e-01	2.2212e-01	1.2200e-02	5.6966e-03	3.1137e-01	3.2276e-01	6.5032e-03	-6.2006e-22	3.4147e-01	
