         z	         T	      (NI)	     H(NI)	     O(NI)	   CH4(NI)	   H2O(NI)	   CO2(NI)	    CO(NI)	    OH(NI)	     C(NI)	   HCO(NI)	    CH(NI)	   CH3(NI)	   CH2(NI)	
0.0000e+00	1.0732e+03	8.9517e-01	2.1543e-03	1.0249e-01	1.7333e-09	2.2731e-08	3.4120e-06	1.6186e-04	6.7900e-06	7.3130e-06	1.8236e-17	5.9645e-11	5.3919e-10	3.8717e-10	
8.8802e-15	1.0732e+03	8.9517e-01	2.1543e-03	1.0249e-01	1.7333e-09	2.2731e-08	3.4120e-06	1.6186e-04	6.7900e-06	7.3130e-06	1.8236e-17	5.9645e-11	5.3919e-10	3.8717e-10	
8.8811e-11	1.0732e+03	8.9525e-01	2.1566e-03	1.0241e-01	1.7334e-09	2.3147e-08	3.4132e-06	1.7344e-04	6.7908e-06	7.3162e-06	1.9281e-17	5.9614e-11	5.3892e-10	3.8698e-10	
1.7761e-10	1.0732e+03	8.9532e-01	2.1589e-03	1.0232e-01	1.7335e-09	2.3563e-08	3.4145e-06	1.8502e-04	6.7915e-06	7.3193e-06	2.0328e-17	5.9584e-11	5.3865e-10	3.8678e-10	
2.6641e-10	1.0732e+03	8.9540e-01	2.1612e-03	1.0223e-01	1.7337e-09	2.3979e-08	3.4157e-06	1.9660e-04	6.7923e-06	7.3225e-06	2.1378e-17	5.9554e-11	5.3838e-10	3.8658e-10	
4.0231e-10	1.0732e+03	8.9551e-01	2.1647e-03	1.0209e-01	1.7339e-09	2.4617e-08	3.4175e-06	2.1436e-04	6.7935e-06	7.3274e-06	2.2992e-17	5.9508e-11	5.3797e-10	3.8629e-10	
5.3820e-10	1.0732e+03	8.9562e-01	2.1682e-03	1.0196e-01	1.7341e-09	2.5256e-08	3.4194e-06	2.3212e-04	6.7946e-06	7.3322e-06	2.4612e-17	5.9461e-11	5.3756e-10	3.8599e-10	
6.7409e-10	1.0732e+03	8.9574e-01	2.1717e-03	1.0183e-01	1.7343e-09	2.5896e-08	3.4212e-06	2.4991e-04	6.7958e-06	7.3370e-06	2.6238e-17	5.9416e-11	5.3715e-10	3.8569e-10	
9.1535e-10	1.0732e+03	8.9593e-01	2.1779e-03	1.0159e-01	1.7347e-09	2.7034e-08	3.4245e-06	2.8153e-04	6.7979e-06	7.3456e-06	2.9143e-17	5.9334e-11	5.3643e-10	3.8517e-10	
1.3854e-09	1.0732e+03	8.9632e-01	2.1899e-03	1.0113e-01	1.7355e-09	2.9262e-08	3.4309e-06	3.4331e-04	6.8020e-06	7.3622e-06	3.4863e-17	5.9178e-11	5.3503e-10	3.8415e-10	
2.5737e-09	1.0732e+03	8.9726e-01	2.2204e-03	1.0001e-01	1.7373e-09	3.4949e-08	3.4469e-06	5.0042e-04	6.8124e-06	7.4038e-06	4.9684e-17	5.8790e-11	5.3158e-10	3.8165e-10	
3.7619e-09	1.0732e+03	8.9816e-01	2.2506e-03	9.8913e-02	1.7390e-09	4.0713e-08	3.4626e-06	6.5885e-04	6.8230e-06	7.4447e-06	6.5021e-17	5.8415e-11	5.2824e-10	3.7922e-10	
4.4156e-09	1.0732e+03	8.9864e-01	2.2672e-03	9.8327e-02	1.7399e-09	4.3915e-08	3.4711e-06	7.4654e-04	6.8289e-06	7.4670e-06	7.3677e-17	5.8213e-11	5.2645e-10	3.7792e-10	
5.0692e-09	1.0732e+03	8.9911e-01	2.2838e-03	9.7751e-02	1.7408e-09	4.7139e-08	3.4796e-06	8.3461e-04	6.8349e-06	7.4891e-06	8.2488e-17	5.8015e-11	5.2469e-10	3.7664e-10	
5.7229e-09	1.0732e+03	8.9957e-01	2.3003e-03	9.7186e-02	1.7417e-09	5.0385e-08	3.4881e-06	9.2301e-04	6.8409e-06	7.5110e-06	9.1452e-17	5.7821e-11	5.2296e-10	3.7538e-10	
7.0779e-09	1.0732e+03	9.0049e-01	2.3343e-03	9.6046e-02	1.7435e-09	5.7178e-08	3.5054e-06	1.1074e-03	6.8536e-06	7.5558e-06	1.1052e-16	5.7428e-11	5.1946e-10	3.7284e-10	
8.4329e-09	1.0732e+03	9.0137e-01	2.3680e-03	9.4948e-02	1.7452e-09	6.4058e-08	3.5225e-06	1.2931e-03	6.8666e-06	7.5998e-06	1.3024e-16	5.7050e-11	5.1610e-10	3.7040e-10	
9.7879e-09	1.0732e+03	9.0221e-01	2.4016e-03	9.3891e-02	1.7468e-09	7.1021e-08	3.5393e-06	1.4801e-03	6.8798e-06	7.6428e-06	1.5061e-16	5.6685e-11	5.1286e-10	3.6804e-10	
1.1143e-08	1.0732e+03	9.0301e-01	2.4348e-03	9.2873e-02	1.7483e-09	7.8060e-08	3.5559e-06	1.6682e-03	6.8933e-06	7.6850e-06	1.7161e-16	5.6334e-11	5.0974e-10	3.6577e-10	
1.2498e-08	1.0732e+03	9.0376e-01	2.4677e-03	9.1894e-02	1.7498e-09	8.5174e-08	3.5723e-06	1.8574e-03	6.9072e-06	7.7263e-06	1.9323e-16	5.5996e-11	5.0674e-10	3.6358e-10	
1.4748e-08	1.0732e+03	9.0494e-01	2.5218e-03	9.0349e-02	1.7520e-09	9.7141e-08	3.5990e-06	2.1737e-03	6.9308e-06	7.7929e-06	2.3050e-16	5.5461e-11	5.0199e-10	3.6013e-10	
1.6999e-08	1.0732e+03	9.0601e-01	2.5750e-03	8.8902e-02	1.7541e-09	1.0928e-07	3.6253e-06	2.4923e-03	6.9554e-06	7.8568e-06	2.6940e-16	5.4960e-11	4.9755e-10	3.5689e-10	
1.9249e-08	1.0732e+03	9.0699e-01	2.6272e-03	8.7548e-02	1.7559e-09	1.2158e-07	3.6510e-06	2.8126e-03	6.9808e-06	7.9181e-06	3.0989e-16	5.4491e-11	4.9339e-10	3.5386e-10	
2.2644e-08	1.0732e+03	9.0831e-01	2.7042e-03	8.5671e-02	1.7584e-09	1.4040e-07	3.6891e-06	3.2982e-03	7.0209e-06	8.0054e-06	3.7380e-16	5.3838e-11	4.8761e-10	3.4965e-10	
2.6038e-08	1.0732e+03	9.0944e-01	2.7787e-03	8.3978e-02	1.7606e-09	1.5947e-07	3.7262e-06	3.7856e-03	7.0630e-06	8.0865e-06	4.4091e-16	5.3249e-11	4.8239e-10	3.4584e-10	
2.9433e-08	1.0732e+03	9.1040e-01	2.8506e-03	8.2459e-02	1.7624e-09	1.7876e-07	3.7626e-06	4.2735e-03	7.1073e-06	8.1613e-06	5.1096e-16	5.2718e-11	4.7770e-10	3.4241e-10	
3.2827e-08	1.0732e+03	9.1120e-01	2.9199e-03	8.1099e-02	1.7639e-09	1.9821e-07	3.7982e-06	4.7605e-03	7.1536e-06	8.2296e-06	5.8366e-16	5.2241e-11	4.7349e-10	3.3934e-10	
3.8146e-08	1.0732e+03	9.1218e-01	3.0227e-03	7.9263e-02	1.7657e-09	2.2888e-07	3.8531e-06	5.5194e-03	7.2302e-06	8.3239e-06	7.0214e-16	5.1594e-11	4.6780e-10	3.3517e-10	
4.3464e-08	1.0732e+03	9.1284e-01	3.1183e-03	7.7757e-02	1.7669e-09	2.5962e-07	3.9068e-06	6.2692e-03	7.3118e-06	8.4025e-06	8.2510e-16	5.1060e-11	4.6311e-10	3.3173e-10	
4.8783e-08	1.0732e+03	9.1322e-01	3.2062e-03	7.6550e-02	1.7676e-09	2.9027e-07	3.9598e-06	7.0060e-03	7.3981e-06	8.4655e-06	9.5115e-16	5.0628e-11	4.5934e-10	3.2895e-10	
5.4101e-08	1.0732e+03	9.1335e-01	3.2860e-03	7.5621e-02	1.7678e-09	3.2064e-07	4.0122e-06	7.7258e-03	7.4891e-06	8.5131e-06	1.0788e-15	5.0291e-11	4.5641e-10	3.2678e-10	
5.9420e-08	1.0732e+03	9.1325e-01	3.3573e-03	7.4952e-02	1.7675e-09	3.5057e-07	4.0643e-06	8.4247e-03	7.5848e-06	8.5453e-06	1.2065e-15	5.0043e-11	4.5428e-10	3.2519e-10	
6.4738e-08	1.0732e+03	9.1293e-01	3.4197e-03	7.4533e-02	1.7669e-09	3.7986e-07	4.1163e-06	9.0991e-03	7.6853e-06	8.5621e-06	1.3325e-15	4.9880e-11	4.5292e-10	3.2416e-10	
7.0057e-08	1.0732e+03	9.1240e-01	3.4727e-03	7.4358e-02	1.7658e-09	4.0836e-07	4.1684e-06	9.7453e-03	7.7906e-06	8.5636e-06	1.4551e-15	4.9802e-11	4.5230e-10	3.2367e-10	
7.5375e-08	1.0732e+03	9.1168e-01	3.5158e-03	7.4427e-02	1.7643e-09	4.3587e-07	4.2209e-06	1.0359e-02	7.9009e-06	8.5498e-06	1.5725e-15	4.9807e-11	4.5242e-10	3.2372e-10	
8.0694e-08	1.0732e+03	9.1075e-01	3.5485e-03	7.4742e-02	1.7625e-09	4.6221e-07	4.2738e-06	1.0938e-02	8.0163e-06	8.5205e-06	1.6827e-15	4.9897e-11	4.5331e-10	3.2432e-10	
8.6012e-08	1.0732e+03	9.0962e-01	3.5703e-03	7.5312e-02	1.7602e-09	4.8717e-07	4.3275e-06	1.1476e-02	8.1372e-06	8.4759e-06	1.7838e-15	5.0074e-11	4.5497e-10	3.2548e-10	
9.1331e-08	1.0732e+03	9.0828e-01	3.5806e-03	7.6149e-02	1.7576e-09	5.1056e-07	4.3820e-06	1.1970e-02	8.2637e-06	8.4158e-06	1.8739e-15	5.0344e-11	4.5746e-10	3.2725e-10	
9.6649e-08	1.0732e+03	9.0671e-01	3.5790e-03	7.7273e-02	1.7545e-09	5.3216e-07	4.4375e-06	1.2415e-02	8.3962e-06	8.3403e-06	1.9508e-15	5.0713e-11	4.6082e-10	3.2965e-10	
1.0197e-07	1.0732e+03	9.0490e-01	3.5647e-03	7.8706e-02	1.7509e-09	5.5174e-07	4.4943e-06	1.2807e-02	8.5350e-06	8.2494e-06	2.0128e-15	5.1188e-11	4.6514e-10	3.3275e-10	
1.0729e-07	1.0732e+03	9.0282e-01	3.5373e-03	8.0480e-02	1.7469e-09	5.6905e-07	4.5525e-06	1.3141e-02	8.6802e-06	8.1430e-06	2.0581e-15	5.1781e-11	4.7051e-10	3.3660e-10	
1.1260e-07	1.0732e+03	9.0044e-01	3.4963e-03	8.2629e-02	1.7422e-09	5.8383e-07	4.6122e-06	1.3413e-02	8.8320e-06	8.0216e-06	2.0850e-15	5.2502e-11	4.7702e-10	3.4129e-10	
1.1792e-07	1.0732e+03	8.9773e-01	3.4413e-03	8.5195e-02	1.7370e-09	5.9584e-07	4.6735e-06	1.3616e-02	8.9903e-06	7.8856e-06	2.0922e-15	5.3367e-11	4.8481e-10	3.4690e-10	
1.2324e-07	1.0732e+03	8.9464e-01	3.3722e-03	8.8225e-02	1.7310e-09	6.0478e-07	4.7361e-06	1.3745e-02	9.1546e-06	7.7356e-06	2.0784e-15	5.4392e-11	4.9403e-10	3.5355e-10	
1.2325e-07	1.0732e+03	8.9464e-01	3.3722e-03	8.8225e-02	1.7310e-09	6.0479e-07	4.7361e-06	1.3745e-02	9.1546e-06	7.7356e-06	2.0785e-15	5.4392e-11	4.9403e-10	3.5355e-10	
1.2325e-07	1.0732e+03	8.9464e-01	3.3723e-03	8.8223e-02	1.7310e-09	6.0481e-07	4.7361e-06	1.3746e-02	9.1547e-06	7.7357e-06	2.0786e-15	5.4391e-11	4.9402e-10	3.5355e-10	
1.2325e-07	1.0732e+03	8.9464e-01	3.3723e-03	8.8222e-02	1.7310e-09	6.0483e-07	4.7362e-06	1.3746e-02	9.1547e-06	7.7357e-06	2.0787e-15	5.4391e-11	4.9402e-10	3.5354e-10	
1.2326e-07	1.0732e+03	8.9464e-01	3.3724e-03	8.8221e-02	1.7310e-09	6.0485e-07	4.7362e-06	1.3747e-02	9.1547e-06	7.7358e-06	2.0788e-15	5.4390e-11	4.9401e-10	3.5354e-10	
1.2326e-07	1.0732e+03	8.9464e-01	3.3725e-03	8.8219e-02	1.7310e-09	6.0487e-07	4.7362e-06	1.3747e-02	9.1547e-06	7.7359e-06	2.0790e-15	5.4390e-11	4.9401e-10	3.5354e-10	
1.2327e-07	1.0732e+03	8.9464e-01	3.3726e-03	8.8217e-02	1.7310e-09	6.0489e-07	4.7362e-06	1.3748e-02	9.1547e-06	7.7360e-06	2.0791e-15	5.4389e-11	4.9400e-10	3.5353e-10	
1.2327e-07	1.0732e+03	8.9464e-01	3.3727e-03	8.8214e-02	1.7310e-09	6.0493e-07	4.7363e-06	1.3749e-02	9.1547e-06	7.7361e-06	2.0793e-15	5.4388e-11	4.9399e-10	3.5353e-10	
1.2329e-07	1.0732e+03	8.9465e-01	3.3729e-03	8.8208e-02	1.7310e-09	6.0500e-07	4.7363e-06	1.3750e-02	9.1548e-06	7.7364e-06	2.0797e-15	5.4386e-11	4.9398e-10	3.5351e-10	
1.2331e-07	1.0732e+03	8.9465e-01	3.3733e-03	8.8199e-02	1.7310e-09	6.0512e-07	4.7365e-06	1.3753e-02	9.1548e-06	7.7368e-06	2.0804e-15	5.4383e-11	4.9395e-10	3.5349e-10	
1.2336e-07	1.0732e+03	8.9467e-01	3.3742e-03	8.8179e-02	1.7310e-09	6.0537e-07	4.7368e-06	1.3759e-02	9.1549e-06	7.7377e-06	2.0818e-15	5.4376e-11	4.9388e-10	3.5345e-10	
1.2367e-07	1.0732e+03	8.9474e-01	3.3793e-03	8.8061e-02	1.7312e-09	6.0685e-07	4.7384e-06	1.3793e-02	9.1558e-06	7.7428e-06	2.0903e-15	5.4335e-11	4.9352e-10	3.5318e-10	
1.2448e-07	1.0732e+03	8.9494e-01	3.3926e-03	8.7759e-02	1.7316e-09	6.1074e-07	4.7429e-06	1.3882e-02	9.1582e-06	7.7560e-06	2.1126e-15	5.4229e-11	4.9259e-10	3.5250e-10	
1.2529e-07	1.0732e+03	8.9514e-01	3.4058e-03	8.7462e-02	1.7319e-09	6.1462e-07	4.7474e-06	1.3970e-02	9.1607e-06	7.7690e-06	2.1349e-15	5.4126e-11	4.9167e-10	3.5183e-10	
1.2610e-07	1.0732e+03	8.9533e-01	3.4188e-03	8.7175e-02	1.7323e-09	6.1851e-07	4.7519e-06	1.4059e-02	9.1635e-06	7.7817e-06	2.1572e-15	5.4026e-11	4.9078e-10	3.5119e-10	
1.2761e-07	1.0732e+03	8.9566e-01	3.4428e-03	8.6654e-02	1.7329e-09	6.2581e-07	4.7605e-06	1.4225e-02	9.1692e-06	7.8047e-06	2.1991e-15	5.3844e-11	4.8917e-10	3.5001e-10	
1.3067e-07	1.0732e+03	8.9626e-01	3.4896e-03	8.5675e-02	1.7340e-09	6.4049e-07	4.7784e-06	1.4556e-02	9.1827e-06	7.8485e-06	2.2835e-15	5.3502e-11	4.8614e-10	3.4780e-10	
1.3372e-07	1.0732e+03	8.9677e-01	3.5344e-03	8.4784e-02	1.7350e-09	6.5518e-07	4.7969e-06	1.4886e-02	9.1987e-06	7.8888e-06	2.3680e-15	5.3190e-11	4.8338e-10	3.4579e-10	
1.3677e-07	1.0732e+03	8.9721e-01	3.5773e-03	8.3977e-02	1.7358e-09	6.6986e-07	4.8160e-06	1.5213e-02	9.2172e-06	7.9255e-06	2.4525e-15	5.2906e-11	4.8087e-10	3.4395e-10	
1.4031e-07	1.0732e+03	8.9765e-01	3.6252e-03	8.3117e-02	1.7366e-09	6.8688e-07	4.8387e-06	1.5589e-02	9.2406e-06	7.9651e-06	2.5508e-15	5.2603e-11	4.7820e-10	3.4200e-10	
1.4385e-07	1.0732e+03	8.9800e-01	3.6709e-03	8.2347e-02	1.7373e-09	7.0390e-07	4.8621e-06	1.5962e-02	9.2668e-06	8.0006e-06	2.6491e-15	5.2330e-11	4.7580e-10	3.4024e-10	
1.4739e-07	1.0732e+03	8.9828e-01	3.7149e-03	8.1646e-02	1.7378e-09	7.2090e-07	4.8860e-06	1.6332e-02	9.2949e-06	8.0330e-06	2.7477e-15	5.2081e-11	4.7361e-10	3.3864e-10	
1.5315e-07	1.0732e+03	8.9862e-01	3.7829e-03	8.0641e-02	1.7384e-09	7.4860e-07	4.9261e-06	1.6930e-02	9.3449e-06	8.0796e-06	2.9088e-15	5.1722e-11	4.7046e-10	3.3632e-10	
1.5892e-07	1.0732e+03	8.9884e-01	3.8471e-03	7.9770e-02	1.7387e-09	7.7626e-07	4.9672e-06	1.7520e-02	9.3987e-06	8.1197e-06	3.0706e-15	5.1409e-11	4.6772e-10	3.3430e-10	
1.6469e-07	1.0732e+03	8.9895e-01	3.9078e-03	7.9019e-02	1.7389e-09	8.0387e-07	5.0094e-06	1.8105e-02	9.4560e-06	8.1540e-06	3.2331e-15	5.1136e-11	4.6534e-10	3.3255e-10	
1.7045e-07	1.0732e+03	8.9897e-01	3.9655e-03	7.8363e-02	1.7389e-09	8.3144e-07	5.0523e-06	1.8682e-02	9.5159e-06	8.1834e-06	3.3963e-15	5.0896e-11	4.6326e-10	3.3101e-10	
1.7622e-07	1.0732e+03	8.9892e-01	4.0207e-03	7.7786e-02	1.7387e-09	8.5896e-07	5.0959e-06	1.9254e-02	9.5778e-06	8.2088e-06	3.5604e-15	5.0683e-11	4.6142e-10	3.2964e-10	
1.8199e-07	1.0732e+03	8.9881e-01	4.0737e-03	7.7275e-02	1.7384e-09	8.8642e-07	5.1400e-06	1.9820e-02	9.6413e-06	8.2307e-06	3.7255e-15	5.0493e-11	4.5978e-10	3.2842e-10	
1.8775e-07	1.0732e+03	8.9865e-01	4.1246e-03	7.6819e-02	1.7381e-09	9.1382e-07	5.1846e-06	2.0381e-02	9.7060e-06	8.2497e-06	3.8915e-15	5.0322e-11	4.5830e-10	3.2732e-10	
1.9647e-07	1.0732e+03	8.9834e-01	4.1984e-03	7.6218e-02	1.7374e-09	9.5514e-07	5.2526e-06	2.1218e-02	9.8057e-06	8.2736e-06	4.1444e-15	5.0093e-11	4.5635e-10	3.2586e-10	
2.0519e-07	1.0732e+03	8.9796e-01	4.2688e-03	7.5698e-02	1.7366e-09	9.9631e-07	5.3211e-06	2.2043e-02	9.9064e-06	8.2931e-06	4.3998e-15	4.9891e-11	4.5464e-10	3.2458e-10	
2.1391e-07	1.0732e+03	8.9753e-01	4.3364e-03	7.5248e-02	1.7356e-09	1.0373e-06	5.3901e-06	2.2857e-02	1.0008e-05	8.3088e-06	4.6577e-15	4.9714e-11	4.5314e-10	3.2344e-10	
2.2263e-07	1.0732e+03	8.9706e-01	4.4014e-03	7.4849e-02	1.7346e-09	1.0782e-06	5.4594e-06	2.3661e-02	1.0110e-05	8.3216e-06	4.9182e-15	4.9555e-11	4.5181e-10	3.2243e-10	
2.3135e-07	1.0732e+03	8.9657e-01	4.4644e-03	7.4492e-02	1.7336e-09	1.1189e-06	5.5287e-06	2.4453e-02	1.0211e-05	8.3322e-06	5.1814e-15	4.9410e-11	4.5060e-10	3.2151e-10	
2.4007e-07	1.0732e+03	8.9605e-01	4.5255e-03	7.4167e-02	1.7325e-09	1.1595e-06	5.5980e-06	2.5236e-02	1.0312e-05	8.3409e-06	5.4473e-15	4.9276e-11	4.4949e-10	3.2066e-10	
2.4879e-07	1.0732e+03	8.9551e-01	4.5851e-03	7.3870e-02	1.7314e-09	1.1999e-06	5.6673e-06	2.6009e-02	1.0412e-05	8.3481e-06	5.7160e-15	4.9152e-11	4.4846e-10	3.1988e-10	
2.6421e-07	1.0732e+03	8.9454e-01	4.6870e-03	7.3396e-02	1.7293e-09	1.2710e-06	5.7894e-06	2.7353e-02	1.0586e-05	8.3582e-06	6.1979e-15	4.8951e-11	4.4681e-10	3.1860e-10	
2.7964e-07	1.0732e+03	8.9355e-01	4.7852e-03	7.2969e-02	1.7272e-09	1.3416e-06	5.9107e-06	2.8669e-02	1.0757e-05	8.3657e-06	6.6885e-15	4.8767e-11	4.4531e-10	3.1744e-10	
2.9506e-07	1.0732e+03	8.9255e-01	4.8802e-03	7.2581e-02	1.7252e-09	1.4118e-06	6.0312e-06	2.9958e-02	1.0925e-05	8.3714e-06	7.1875e-15	4.8596e-11	4.4392e-10	3.1636e-10	
3.1048e-07	1.0732e+03	8.9156e-01	4.9726e-03	7.2215e-02	1.7231e-09	1.4814e-06	6.1505e-06	3.1221e-02	1.1088e-05	8.3761e-06	7.6951e-15	4.8434e-11	4.4261e-10	3.1534e-10	
3.2591e-07	1.0732e+03	8.9058e-01	5.0628e-03	7.1868e-02	1.7210e-09	1.5507e-06	6.2686e-06	3.2460e-02	1.1247e-05	8.3800e-06	8.2112e-15	4.8279e-11	4.4135e-10	3.1437e-10	
3.4133e-07	1.0732e+03	8.8961e-01	5.1508e-03	7.1535e-02	1.7190e-09	1.6195e-06	6.3854e-06	3.3676e-02	1.1402e-05	8.3835e-06	8.7353e-15	4.8130e-11	4.4015e-10	3.1342e-10	
3.7073e-07	1.0732e+03	8.8780e-01	5.3134e-03	7.0932e-02	1.7152e-09	1.7493e-06	6.6045e-06	3.5931e-02	1.1686e-05	8.3891e-06	9.7563e-15	4.7857e-11	4.3795e-10	3.1171e-10	
4.0012e-07	1.0732e+03	8.8604e-01	5.4702e-03	7.0354e-02	1.7115e-09	1.8777e-06	6.8187e-06	3.8110e-02	1.1957e-05	8.3945e-06	1.0805e-14	4.7596e-11	4.3583e-10	3.1006e-10	
4.2952e-07	1.0732e+03	8.8433e-01	5.6218e-03	6.9801e-02	1.7079e-09	2.0046e-06	7.0283e-06	4.0217e-02	1.2215e-05	8.3995e-06	1.1881e-14	4.7345e-11	4.3381e-10	3.0848e-10	
4.5892e-07	1.0732e+03	8.8268e-01	5.7690e-03	6.9261e-02	1.7045e-09	2.1300e-06	7.2329e-06	4.2258e-02	1.2462e-05	8.4049e-06	1.2982e-14	4.7099e-11	4.3182e-10	3.0693e-10	
4.8831e-07	1.0732e+03	8.8109e-01	5.9124e-03	6.8729e-02	1.7011e-09	2.2540e-06	7.4327e-06	4.4238e-02	1.2696e-05	8.4110e-06	1.4108e-14	4.6859e-11	4.2988e-10	3.0542e-10	
5.1771e-07	1.0732e+03	8.7955e-01	6.0522e-03	6.8210e-02	1.6979e-09	2.3767e-06	7.6278e-06	4.6158e-02	1.2921e-05	8.4173e-06	1.5258e-14	4.6625e-11	4.2798e-10	3.0394e-10	
5.4710e-07	1.0732e+03	8.7805e-01	6.1884e-03	6.7703e-02	1.6947e-09	2.4982e-06	7.8187e-06	4.8024e-02	1.3136e-05	8.4238e-06	1.6431e-14	4.6396e-11	4.2612e-10	3.0250e-10	
5.7650e-07	1.0732e+03	8.7660e-01	6.3214e-03	6.7208e-02	1.6916e-09	2.6183e-06	8.0054e-06	4.9837e-02	1.3342e-05	8.4306e-06	1.7625e-14	4.6173e-11	4.2431e-10	3.0109e-10	
6.0590e-07	1.0732e+03	8.7519e-01	6.4516e-03	6.6720e-02	1.6886e-09	2.7373e-06	8.1878e-06	5.1602e-02	1.3540e-05	8.4378e-06	1.8840e-14	4.5954e-11	4.2252e-10	2.9970e-10	
6.3529e-07	1.0732e+03	8.7383e-01	6.5793e-03	6.6240e-02	1.6857e-09	2.8550e-06	8.3661e-06	5.3319e-02	1.3730e-05	8.4453e-06	2.0075e-14	4.5739e-11	4.2077e-10	2.9834e-10	
6.8633e-07	1.0732e+03	8.7154e-01	6.7948e-03	6.5429e-02	1.6809e-09	3.0568e-06	8.6667e-06	5.6198e-02	1.4043e-05	8.4590e-06	2.2265e-14	4.5376e-11	4.1781e-10	2.9605e-10	
7.3737e-07	1.0732e+03	8.6937e-01	7.0038e-03	6.4640e-02	1.6762e-09	3.2553e-06	8.9558e-06	5.8955e-02	1.4336e-05	8.4738e-06	2.4512e-14	4.5024e-11	4.1493e-10	2.9382e-10	
7.8842e-07	1.0732e+03	8.6728e-01	7.2064e-03	6.3877e-02	1.6717e-09	3.4507e-06	9.2348e-06	6.1600e-02	1.4611e-05	8.4889e-06	2.6810e-14	4.4684e-11	4.1215e-10	2.9167e-10	
8.3946e-07	1.0732e+03	8.6528e-01	7.4033e-03	6.3137e-02	1.6674e-09	3.6430e-06	9.5039e-06	6.4141e-02	1.4871e-05	8.5046e-06	2.9157e-14	4.4355e-11	4.0945e-10	2.8958e-10	
8.9050e-07	1.0732e+03	8.6336e-01	7.5951e-03	6.2417e-02	1.6633e-09	3.8325e-06	9.7636e-06	6.6587e-02	1.5116e-05	8.5208e-06	3.1551e-14	4.4036e-11	4.0683e-10	2.8756e-10	
9.7026e-07	1.0732e+03	8.6051e-01	7.8856e-03	6.1333e-02	1.6571e-09	4.1232e-06	1.0152e-05	7.0233e-02	1.5473e-05	8.5471e-06	3.5382e-14	4.3555e-11	4.0289e-10	2.8452e-10	
1.0500e-06	1.0732e+03	8.5782e-01	8.1659e-03	6.0294e-02	1.6513e-09	4.4075e-06	1.0520e-05	7.3685e-02	1.5801e-05	8.5743e-06	3.9314e-14	4.3096e-11	3.9911e-10	2.8161e-10	
1.1298e-06	1.0732e+03	8.5526e-01	8.4369e-03	5.9299e-02	1.6457e-09	4.6859e-06	1.0869e-05	7.6963e-02	1.6104e-05	8.6023e-06	4.3341e-14	4.2657e-11	3.9550e-10	2.7882e-10	
1.2095e-06	1.0732e+03	8.5283e-01	8.6997e-03	5.8345e-02	1.6404e-09	4.9586e-06	1.1201e-05	8.0083e-02	1.6385e-05	8.6308e-06	4.7457e-14	4.2237e-11	3.9204e-10	2.7615e-10	
1.2893e-06	1.0732e+03	8.5052e-01	8.9550e-03	5.7429e-02	1.6353e-09	5.2261e-06	1.1518e-05	8.3058e-02	1.6646e-05	8.6597e-06	5.1656e-14	4.1834e-11	3.8871e-10	2.7359e-10	
1.3691e-06	1.0732e+03	8.4830e-01	9.2033e-03	5.6549e-02	1.6304e-09	5.4885e-06	1.1819e-05	8.5903e-02	1.6890e-05	8.6890e-06	5.5934e-14	4.1446e-11	3.8552e-10	2.7113e-10	
1.4963e-06	1.0732e+03	8.4496e-01	9.5866e-03	5.5214e-02	1.6230e-09	5.8973e-06	1.2272e-05	9.0196e-02	1.7246e-05	8.7363e-06	6.2913e-14	4.0859e-11	3.8068e-10	2.6739e-10	
1.6236e-06	1.0732e+03	8.4182e-01	9.9557e-03	5.3957e-02	1.6160e-09	6.2947e-06	1.2694e-05	9.4220e-02	1.7567e-05	8.7840e-06	7.0067e-14	4.0307e-11	3.7611e-10	2.6388e-10	
1.7509e-06	1.0732e+03	8.3886e-01	1.0312e-02	5.2770e-02	1.6094e-09	6.6817e-06	1.3088e-05	9.8006e-02	1.7858e-05	8.8319e-06	7.7381e-14	3.9785e-11	3.7181e-10	2.6056e-10	
1.9830e-06	1.0732e+03	8.3387e-01	1.0933e-02	5.0769e-02	1.5982e-09	7.3625e-06	1.3742e-05	1.0438e-01	1.8325e-05	8.9195e-06	9.1098e-14	3.8905e-11	3.6454e-10	2.5496e-10	
2.2151e-06	1.0732e+03	8.2930e-01	1.1522e-02	4.8952e-02	1.5878e-09	8.0141e-06	1.4325e-05	1.1018e-01	1.8723e-05	9.0067e-06	1.0525e-13	3.8105e-11	3.5794e-10	2.4986e-10	
2.4473e-06	1.0732e+03	8.2509e-01	1.2082e-02	4.7293e-02	1.5782e-09	8.6394e-06	1.4847e-05	1.1548e-01	1.9066e-05	9.0933e-06	1.1979e-13	3.7374e-11	3.5189e-10	2.4519e-10	
2.6794e-06	1.0732e+03	8.2118e-01	1.2619e-02	4.5770e-02	1.5692e-09	9.2412e-06	1.5318e-05	1.2038e-01	1.9363e-05	9.1789e-06	1.3468e-13	3.6701e-11	3.4635e-10	2.4090e-10	
2.9115e-06	1.0732e+03	8.1753e-01	1.3134e-02	4.4369e-02	1.5607e-09	9.8214e-06	1.5746e-05	1.2492e-01	1.9624e-05	9.2632e-06	1.4988e-13	3.6081e-11	3.4123e-10	2.3694e-10	
3.1436e-06	1.0732e+03	8.1409e-01	1.3630e-02	4.3074e-02	1.5528e-09	1.0382e-05	1.6134e-05	1.2915e-01	1.9854e-05	9.3462e-06	1.6536e-13	3.5506e-11	3.3649e-10	2.3327e-10	
3.3758e-06	1.0732e+03	8.1086e-01	1.4109e-02	4.1871e-02	1.5452e-09	1.0924e-05	1.6489e-05	1.3311e-01	2.0056e-05	9.4279e-06	1.8109e-13	3.4970e-11	3.3208e-10	2.2984e-10	
3.6079e-06	1.0732e+03	8.0779e-01	1.4572e-02	4.0747e-02	1.5380e-09	1.1449e-05	1.6814e-05	1.3683e-01	2.0236e-05	9.5088e-06	1.9706e-13	3.4469e-11	3.2796e-10	2.2664e-10	
3.8400e-06	1.0732e+03	8.0488e-01	1.5021e-02	3.9696e-02	1.5311e-09	1.1959e-05	1.7111e-05	1.4034e-01	2.0395e-05	9.5888e-06	2.1326e-13	3.3999e-11	3.2409e-10	2.2363e-10	
4.0722e-06	1.0732e+03	8.0211e-01	1.5457e-02	3.8713e-02	1.5245e-09	1.2454e-05	1.7386e-05	1.4366e-01	2.0538e-05	9.6671e-06	2.2965e-13	3.3558e-11	3.2047e-10	2.2081e-10	
4.3043e-06	1.0732e+03	7.9945e-01	1.5879e-02	3.7797e-02	1.5182e-09	1.2936e-05	1.7643e-05	1.4681e-01	2.0668e-05	9.7430e-06	2.4621e-13	3.3145e-11	3.1708e-10	2.1816e-10	
4.4568e-06	1.0732e+03	7.9777e-01	1.6151e-02	3.7221e-02	1.5142e-09	1.3245e-05	1.7800e-05	1.4880e-01	2.0746e-05	9.7928e-06	2.5719e-13	3.2886e-11	3.1495e-10	2.1650e-10	
4.5617e-06	1.0732e+03	7.9664e-01	1.6336e-02	3.6836e-02	1.5115e-09	1.3455e-05	1.7903e-05	1.5012e-01	2.0795e-05	9.8270e-06	2.6478e-13	3.2712e-11	3.1353e-10	2.1538e-10	
4.6666e-06	1.0732e+03	7.9553e-01	1.6519e-02	3.6462e-02	1.5088e-09	1.3662e-05	1.8003e-05	1.5142e-01	2.0843e-05	9.8608e-06	2.7241e-13	3.2543e-11	3.1214e-10	2.1430e-10	
4.7724e-06	1.0732e+03	7.9444e-01	1.6700e-02	3.6095e-02	1.5062e-09	1.3869e-05	1.8100e-05	1.5271e-01	2.0889e-05	9.8946e-06	2.8013e-13	3.2377e-11	3.1078e-10	2.1323e-10	
4.8782e-06	1.0732e+03	7.9336e-01	1.6880e-02	3.5737e-02	1.5036e-09	1.4073e-05	1.8195e-05	1.5396e-01	2.0933e-05	9.9282e-06	2.8788e-13	3.2214e-11	3.0945e-10	2.1219e-10	
4.9840e-06	1.0732e+03	7.9230e-01	1.7058e-02	3.5387e-02	1.5010e-09	1.4275e-05	1.8286e-05	1.5519e-01	2.0974e-05	9.9616e-06	2.9567e-13	3.2056e-11	3.0815e-10	2.1117e-10	
5.0898e-06	1.0732e+03	7.9126e-01	1.7234e-02	3.5045e-02	1.4985e-09	1.4475e-05	1.8374e-05	1.5640e-01	2.1014e-05	9.9949e-06	3.0348e-13	3.1900e-11	3.0688e-10	2.1017e-10	
5.1956e-06	1.0732e+03	7.9023e-01	1.7408e-02	3.4713e-02	1.4960e-09	1.4673e-05	1.8460e-05	1.5758e-01	2.1052e-05	1.0028e-05	3.1132e-13	3.1749e-11	3.0565e-10	2.0920e-10	
5.3014e-06	1.0732e+03	7.8922e-01	1.7580e-02	3.4389e-02	1.4936e-09	1.4868e-05	1.8543e-05	1.5874e-01	2.1088e-05	1.0060e-05	3.1918e-13	3.1601e-11	3.0444e-10	2.0825e-10	
5.4072e-06	1.0732e+03	7.8823e-01	1.7751e-02	3.4071e-02	1.4911e-09	1.5062e-05	1.8624e-05	1.5988e-01	2.1123e-05	1.0093e-05	3.2708e-13	3.1457e-11	3.0326e-10	2.0732e-10	
5.5130e-06	1.0732e+03	7.8726e-01	1.7919e-02	3.3761e-02	1.4888e-09	1.5253e-05	1.8702e-05	1.6100e-01	2.1156e-05	1.0125e-05	3.3499e-13	3.1315e-11	3.0210e-10	2.0641e-10	
5.6188e-06	1.0732e+03	7.8630e-01	1.8087e-02	3.3459e-02	1.4864e-09	1.5442e-05	1.8777e-05	1.6209e-01	2.1188e-05	1.0157e-05	3.4294e-13	3.1177e-11	3.0097e-10	2.0552e-10	
5.7246e-06	1.0732e+03	7.8535e-01	1.8252e-02	3.3164e-02	1.4841e-09	1.5630e-05	1.8851e-05	1.6317e-01	2.1218e-05	1.0189e-05	3.5089e-13	3.1041e-11	2.9987e-10	2.0465e-10	
5.8304e-06	1.0732e+03	7.8442e-01	1.8416e-02	3.2874e-02	1.4818e-09	1.5816e-05	1.8923e-05	1.6423e-01	2.1247e-05	1.0220e-05	3.5888e-13	3.0909e-11	2.9878e-10	2.0380e-10	
5.9362e-06	1.0732e+03	7.8350e-01	1.8578e-02	3.2591e-02	1.4796e-09	1.6000e-05	1.8992e-05	1.6526e-01	2.1274e-05	1.0252e-05	3.6690e-13	3.0779e-11	2.9772e-10	2.0296e-10	
6.0420e-06	1.0732e+03	7.8260e-01	1.8739e-02	3.2313e-02	1.4774e-09	1.6182e-05	1.9058e-05	1.6629e-01	2.1300e-05	1.0283e-05	3.7493e-13	3.0651e-11	2.9668e-10	2.0213e-10	
6.1478e-06	1.0732e+03	7.8170e-01	1.8898e-02	3.2042e-02	1.4752e-09	1.6362e-05	1.9124e-05	1.6729e-01	2.1326e-05	1.0314e-05	3.8298e-13	3.0526e-11	2.9566e-10	2.0133e-10	
6.2536e-06	1.0732e+03	7.8082e-01	1.9056e-02	3.1777e-02	1.4730e-09	1.6541e-05	1.9187e-05	1.6828e-01	2.1350e-05	1.0345e-05	3.9106e-13	3.0404e-11	2.9467e-10	2.0054e-10	
6.3594e-06	1.0732e+03	7.7996e-01	1.9213e-02	3.1516e-02	1.4709e-09	1.6717e-05	1.9249e-05	1.6925e-01	2.1373e-05	1.0375e-05	3.9915e-13	3.0284e-11	2.9369e-10	1.9977e-10	
6.4652e-06	1.0732e+03	7.7910e-01	1.9368e-02	3.1261e-02	1.4688e-09	1.6893e-05	1.9308e-05	1.7020e-01	2.1395e-05	1.0406e-05	4.0727e-13	3.0166e-11	2.9273e-10	1.9901e-10	
6.5710e-06	1.0732e+03	7.7825e-01	1.9522e-02	3.1012e-02	1.4667e-09	1.7066e-05	1.9367e-05	1.7114e-01	2.1416e-05	1.0436e-05	4.1540e-13	3.0051e-11	2.9179e-10	1.9827e-10	
6.6768e-06	1.0732e+03	7.7742e-01	1.9674e-02	3.0767e-02	1.4646e-09	1.7238e-05	1.9424e-05	1.7207e-01	2.1436e-05	1.0466e-05	4.2355e-13	2.9937e-11	2.9087e-10	1.9753e-10	
6.7826e-06	1.0732e+03	7.7660e-01	1.9825e-02	3.0527e-02	1.4626e-09	1.7409e-05	1.9479e-05	1.7298e-01	2.1455e-05	1.0496e-05	4.3172e-13	2.9826e-11	2.8997e-10	1.9682e-10	
6.8884e-06	1.0732e+03	7.7579e-01	1.9975e-02	3.0292e-02	1.4606e-09	1.7578e-05	1.9532e-05	1.7388e-01	2.1473e-05	1.0525e-05	4.3991e-13	2.9717e-11	2.8908e-10	1.9611e-10	
6.9942e-06	1.0732e+03	7.7498e-01	2.0124e-02	3.0061e-02	1.4586e-09	1.7745e-05	1.9584e-05	1.7476e-01	2.1490e-05	1.0555e-05	4.4811e-13	2.9609e-11	2.8821e-10	1.9542e-10	
7.1000e-06	1.0732e+03	7.7419e-01	2.0272e-02	2.9835e-02	1.4566e-09	1.7912e-05	1.9635e-05	1.7563e-01	2.1507e-05	1.0584e-05	4.5633e-13	2.9504e-11	2.8735e-10	1.9474e-10	
7.2058e-06	1.0732e+03	7.7341e-01	2.0418e-02	2.9613e-02	1.4546e-09	1.8076e-05	1.9684e-05	1.7649e-01	2.1522e-05	1.0613e-05	4.6456e-13	2.9401e-11	2.8651e-10	1.9407e-10	
7.3115e-06	1.0732e+03	7.7264e-01	2.0563e-02	2.9394e-02	1.4527e-09	1.8239e-05	1.9732e-05	1.7734e-01	2.1537e-05	1.0642e-05	4.7282e-13	2.9299e-11	2.8568e-10	1.9341e-10	
7.4173e-06	1.0732e+03	7.7187e-01	2.0708e-02	2.9180e-02	1.4508e-09	1.8401e-05	1.9779e-05	1.7817e-01	2.1551e-05	1.0671e-05	4.8109e-13	2.9199e-11	2.8487e-10	1.9276e-10	
7.5231e-06	1.0732e+03	7.7112e-01	2.0850e-02	2.8970e-02	1.4489e-09	1.8562e-05	1.9825e-05	1.7899e-01	2.1565e-05	1.0700e-05	4.8937e-13	2.9101e-11	2.8408e-10	1.9213e-10	
7.6289e-06	1.0732e+03	7.7037e-01	2.0992e-02	2.8764e-02	1.4471e-09	1.8721e-05	1.9869e-05	1.7980e-01	2.1578e-05	1.0728e-05	4.9766e-13	2.9004e-11	2.8329e-10	1.9150e-10	
7.7347e-06	1.0732e+03	7.6963e-01	2.1133e-02	2.8561e-02	1.4452e-09	1.8879e-05	1.9912e-05	1.8060e-01	2.1590e-05	1.0757e-05	5.0598e-13	2.8909e-11	2.8252e-10	1.9089e-10	
7.8405e-06	1.0732e+03	7.6890e-01	2.1273e-02	2.8361e-02	1.4434e-09	1.9035e-05	1.9954e-05	1.8139e-01	2.1602e-05	1.0785e-05	5.1430e-13	2.8815e-11	2.8176e-10	1.9028e-10	
7.9463e-06	1.0732e+03	7.6818e-01	2.1412e-02	2.8166e-02	1.4416e-09	1.9191e-05	1.9996e-05	1.8217e-01	2.1613e-05	1.0813e-05	5.2264e-13	2.8723e-11	2.8102e-10	1.8968e-10	
8.0521e-06	1.0732e+03	7.6747e-01	2.1549e-02	2.7974e-02	1.4398e-09	1.9345e-05	2.0036e-05	1.8294e-01	2.1624e-05	1.0840e-05	5.3099e-13	2.8633e-11	2.8029e-10	1.8910e-10	
8.1579e-06	1.0732e+03	7.6676e-01	2.1686e-02	2.7784e-02	1.4380e-09	1.9498e-05	2.0074e-05	1.8369e-01	2.1633e-05	1.0868e-05	5.3936e-13	2.8544e-11	2.7956e-10	1.8852e-10	
8.2637e-06	1.0732e+03	7.6607e-01	2.1822e-02	2.7597e-02	1.4362e-09	1.9649e-05	2.0112e-05	1.8444e-01	2.1643e-05	1.0896e-05	5.4773e-13	2.8456e-11	2.7885e-10	1.8795e-10	
8.3695e-06	1.0732e+03	7.6537e-01	2.1957e-02	2.7415e-02	1.4345e-09	1.9800e-05	2.0150e-05	1.8518e-01	2.1652e-05	1.0923e-05	5.5612e-13	2.8370e-11	2.7816e-10	1.8739e-10	
8.4753e-06	1.0732e+03	7.6469e-01	2.2091e-02	2.7235e-02	1.4328e-09	1.9949e-05	2.0186e-05	1.8591e-01	2.1660e-05	1.0950e-05	5.6451e-13	2.8285e-11	2.7747e-10	1.8684e-10	
8.5811e-06	1.0732e+03	7.6401e-01	2.2224e-02	2.7058e-02	1.4311e-09	2.0098e-05	2.0220e-05	1.8663e-01	2.1668e-05	1.0978e-05	5.7293e-13	2.8201e-11	2.7679e-10	1.8629e-10	
8.6869e-06	1.0732e+03	7.6335e-01	2.2356e-02	2.6883e-02	1.4294e-09	2.0245e-05	2.0255e-05	1.8734e-01	2.1675e-05	1.1005e-05	5.8136e-13	2.8118e-11	2.7612e-10	1.8576e-10	
8.7927e-06	1.0732e+03	7.6268e-01	2.2487e-02	2.6712e-02	1.4277e-09	2.0391e-05	2.0289e-05	1.8804e-01	2.1683e-05	1.1031e-05	5.8978e-13	2.8037e-11	2.7547e-10	1.8523e-10	
8.8706e-06	1.0732e+03	7.6220e-01	2.2584e-02	2.6588e-02	1.4265e-09	2.0498e-05	2.0313e-05	1.8856e-01	2.1688e-05	1.1051e-05	5.9601e-13	2.7978e-11	2.7499e-10	1.8485e-10	
8.9485e-06	1.0732e+03	7.6172e-01	2.2679e-02	2.6465e-02	1.4252e-09	2.0604e-05	2.0336e-05	1.8906e-01	2.1692e-05	1.1070e-05	6.0223e-13	2.7920e-11	2.7452e-10	1.8447e-10	
9.0265e-06	1.0732e+03	7.6124e-01	2.2774e-02	2.6343e-02	1.4240e-09	2.0710e-05	2.0359e-05	1.8957e-01	2.1697e-05	1.1090e-05	6.0846e-13	2.7862e-11	2.7405e-10	1.8409e-10	
9.1044e-06	1.0732e+03	7.6077e-01	2.2869e-02	2.6223e-02	1.4228e-09	2.0815e-05	2.0383e-05	1.9007e-01	2.1701e-05	1.1109e-05	6.1469e-13	2.7805e-11	2.7359e-10	1.8372e-10	
9.1823e-06	1.0732e+03	7.6030e-01	2.2963e-02	2.6104e-02	1.4216e-09	2.0919e-05	2.0405e-05	1.9056e-01	2.1705e-05	1.1129e-05	6.2093e-13	2.7748e-11	2.7313e-10	1.8335e-10	
9.2602e-06	1.0732e+03	7.5983e-01	2.3057e-02	2.5986e-02	1.4204e-09	2.1023e-05	2.0427e-05	1.9105e-01	2.1709e-05	1.1148e-05	6.2718e-13	2.7692e-11	2.7268e-10	1.8298e-10	
9.3381e-06	1.0732e+03	7.5937e-01	2.3151e-02	2.5869e-02	1.4193e-09	2.1127e-05	2.0448e-05	1.9154e-01	2.1712e-05	1.1167e-05	6.3344e-13	2.7636e-11	2.7223e-10	1.8262e-10	
9.4161e-06	1.0732e+03	7.5891e-01	2.3243e-02	2.5754e-02	1.4181e-09	2.1230e-05	2.0470e-05	1.9202e-01	2.1716e-05	1.1186e-05	6.3969e-13	2.7582e-11	2.7179e-10	1.8227e-10	
9.5409e-06	1.0732e+03	7.5818e-01	2.3392e-02	2.5573e-02	1.4162e-09	2.1394e-05	2.0503e-05	1.9278e-01	2.1721e-05	1.1217e-05	6.4972e-13	2.7495e-11	2.7109e-10	1.8170e-10	
9.6657e-06	1.0732e+03	7.5746e-01	2.3539e-02	2.5394e-02	1.4144e-09	2.1556e-05	2.0535e-05	1.9354e-01	2.1725e-05	1.1247e-05	6.5977e-13	2.7409e-11	2.7040e-10	1.8114e-10	
9.7906e-06	1.0732e+03	7.5674e-01	2.3684e-02	2.5219e-02	1.4125e-09	2.1717e-05	2.0567e-05	1.9428e-01	2.1730e-05	1.1277e-05	6.6982e-13	2.7326e-11	2.6972e-10	1.8060e-10	
9.9154e-06	1.0732e+03	7.5603e-01	2.3829e-02	2.5046e-02	1.4107e-09	2.1877e-05	2.0597e-05	1.9502e-01	2.1733e-05	1.1308e-05	6.7990e-13	2.7243e-11	2.6906e-10	1.8006e-10	
1.0040e-05	1.0732e+03	7.5533e-01	2.3973e-02	2.4876e-02	1.4089e-09	2.2035e-05	2.0626e-05	1.9574e-01	2.1736e-05	1.1337e-05	6.8998e-13	2.7161e-11	2.6840e-10	1.7953e-10	
1.0245e-05	1.0732e+03	7.5420e-01	2.4207e-02	2.4604e-02	1.4060e-09	2.2293e-05	2.0673e-05	1.9691e-01	2.1741e-05	1.1386e-05	7.0658e-13	2.7030e-11	2.6734e-10	1.7867e-10	
1.0451e-05	1.0732e+03	7.5308e-01	2.4439e-02	2.4339e-02	1.4031e-09	2.2548e-05	2.0718e-05	1.9806e-01	2.1744e-05	1.1434e-05	7.2320e-13	2.6903e-11	2.6632e-10	1.7783e-10	
1.0656e-05	1.0732e+03	7.5199e-01	2.4668e-02	2.4080e-02	1.4003e-09	2.2799e-05	2.0761e-05	1.9919e-01	2.1746e-05	1.1482e-05	7.3986e-13	2.6778e-11	2.6531e-10	1.7702e-10	
1.0861e-05	1.0732e+03	7.5091e-01	2.4894e-02	2.3828e-02	1.3975e-09	2.3048e-05	2.0802e-05	2.0029e-01	2.1748e-05	1.1530e-05	7.5653e-13	2.6656e-11	2.6433e-10	1.7622e-10	
1.1066e-05	1.0732e+03	7.4985e-01	2.5119e-02	2.3583e-02	1.3948e-09	2.3293e-05	2.0841e-05	2.0138e-01	2.1749e-05	1.1577e-05	7.7323e-13	2.6538e-11	2.6338e-10	1.7544e-10	
1.1457e-05	1.0732e+03	7.4787e-01	2.5538e-02	2.3133e-02	1.3896e-09	2.3751e-05	2.0910e-05	2.0338e-01	2.1748e-05	1.1665e-05	8.0508e-13	2.6319e-11	2.6162e-10	1.7401e-10	
1.1847e-05	1.0732e+03	7.4595e-01	2.5950e-02	2.2704e-02	1.3846e-09	2.4199e-05	2.0973e-05	2.0532e-01	2.1744e-05	1.1752e-05	8.3699e-13	2.6110e-11	2.5994e-10	1.7264e-10	
1.2237e-05	1.0732e+03	7.4409e-01	2.6354e-02	2.2294e-02	1.3798e-09	2.4637e-05	2.1031e-05	2.0719e-01	2.1738e-05	1.1837e-05	8.6899e-13	2.5909e-11	2.5833e-10	1.7132e-10	
1.2628e-05	1.0732e+03	7.4227e-01	2.6751e-02	2.1901e-02	1.3750e-09	2.5066e-05	2.1084e-05	2.0900e-01	2.1730e-05	1.1922e-05	9.0104e-13	2.5717e-11	2.5679e-10	1.7005e-10	
1.3018e-05	1.0732e+03	7.4050e-01	2.7140e-02	2.1525e-02	1.3704e-09	2.5486e-05	2.1133e-05	2.1075e-01	2.1719e-05	1.2005e-05	9.3315e-13	2.5532e-11	2.5530e-10	1.6882e-10	
1.3409e-05	1.0732e+03	7.3878e-01	2.7523e-02	2.1165e-02	1.3658e-09	2.5897e-05	2.1177e-05	2.1245e-01	2.1707e-05	1.2087e-05	9.6532e-13	2.5354e-11	2.5388e-10	1.6765e-10	
1.4138e-05	1.0732e+03	7.3568e-01	2.8220e-02	2.0530e-02	1.3576e-09	2.6643e-05	2.1249e-05	2.1549e-01	2.1681e-05	1.2236e-05	1.0255e-12	2.5039e-11	2.5136e-10	1.6556e-10	
1.4867e-05	1.0732e+03	7.3271e-01	2.8896e-02	1.9940e-02	1.3497e-09	2.7362e-05	2.1310e-05	2.1837e-01	2.1649e-05	1.2382e-05	1.0858e-12	2.4745e-11	2.4900e-10	1.6360e-10	
1.5596e-05	1.0732e+03	7.2986e-01	2.9553e-02	1.9390e-02	1.3421e-09	2.8056e-05	2.1360e-05	2.2111e-01	2.1614e-05	1.2525e-05	1.1463e-12	2.4469e-11	2.4679e-10	1.6176e-10	
1.6325e-05	1.0732e+03	7.2713e-01	3.0191e-02	1.8875e-02	1.3347e-09	2.8727e-05	2.1401e-05	2.2372e-01	2.1576e-05	1.2664e-05	1.2068e-12	2.4210e-11	2.4472e-10	1.6003e-10	
1.7507e-05	1.0732e+03	7.2292e-01	3.1191e-02	1.8107e-02	1.3233e-09	2.9770e-05	2.1451e-05	2.2770e-01	2.1508e-05	1.2883e-05	1.3051e-12	2.3820e-11	2.4160e-10	1.5741e-10	
1.8689e-05	1.0732e+03	7.1895e-01	3.2150e-02	1.7411e-02	1.3125e-09	3.0761e-05	2.1484e-05	2.3140e-01	2.1434e-05	1.3095e-05	1.4034e-12	2.3464e-11	2.3876e-10	1.5500e-10	
1.9872e-05	1.0732e+03	7.1520e-01	3.3073e-02	1.6776e-02	1.3022e-09	3.1704e-05	2.1502e-05	2.3486e-01	2.1357e-05	1.3299e-05	1.5019e-12	2.3138e-11	2.3614e-10	1.5278e-10	
2.1054e-05	1.0732e+03	7.1164e-01	3.3961e-02	1.6194e-02	1.2924e-09	3.2605e-05	2.1508e-05	2.3811e-01	2.1276e-05	1.3498e-05	1.6002e-12	2.2837e-11	2.3373e-10	1.5072e-10	
2.2237e-05	1.0732e+03	7.0826e-01	3.4819e-02	1.5659e-02	1.2830e-09	3.3466e-05	2.1505e-05	2.4117e-01	2.1193e-05	1.3690e-05	1.6986e-12	2.2558e-11	2.3149e-10	1.4880e-10	
2.3419e-05	1.0732e+03	7.0503e-01	3.5648e-02	1.5165e-02	1.2739e-09	3.4291e-05	2.1493e-05	2.4406e-01	2.1109e-05	1.3877e-05	1.7968e-12	2.2299e-11	2.2941e-10	1.4700e-10	
2.4601e-05	1.0732e+03	7.0195e-01	3.6451e-02	1.4706e-02	1.2653e-09	3.5082e-05	2.1475e-05	2.4680e-01	2.1024e-05	1.4059e-05	1.8948e-12	2.2058e-11	2.2747e-10	1.4532e-10	
2.5784e-05	1.0732e+03	6.9900e-01	3.7229e-02	1.4280e-02	1.2569e-09	3.5842e-05	2.1450e-05	2.4940e-01	2.0938e-05	1.4236e-05	1.9927e-12	2.1832e-11	2.2565e-10	1.4374e-10	
2.6966e-05	1.0732e+03	6.9617e-01	3.7984e-02	1.3881e-02	1.2488e-09	3.6573e-05	2.1419e-05	2.5187e-01	2.0851e-05	1.4408e-05	2.0904e-12	2.1620e-11	2.2394e-10	1.4224e-10	
2.8149e-05	1.0732e+03	6.9345e-01	3.8718e-02	1.3509e-02	1.2410e-09	3.7276e-05	2.1385e-05	2.5423e-01	2.0765e-05	1.4577e-05	2.1879e-12	2.1422e-11	2.2233e-10	1.4083e-10	
2.9331e-05	1.0732e+03	6.9083e-01	3.9431e-02	1.3159e-02	1.2335e-09	3.7954e-05	2.1347e-05	2.5648e-01	2.0678e-05	1.4741e-05	2.2852e-12	2.1234e-11	2.2080e-10	1.3949e-10	
3.0514e-05	1.0732e+03	6.8831e-01	4.0126e-02	1.2831e-02	1.2262e-09	3.8608e-05	2.1305e-05	2.5864e-01	2.0592e-05	1.4901e-05	2.3821e-12	2.1058e-11	2.1936e-10	1.3821e-10	
3.1696e-05	1.0732e+03	6.8588e-01	4.0803e-02	1.2521e-02	1.2191e-09	3.9240e-05	2.1261e-05	2.6070e-01	2.0506e-05	1.5059e-05	2.4789e-12	2.0891e-11	2.1799e-10	1.3700e-10	
3.2878e-05	1.0732e+03	6.8353e-01	4.1464e-02	1.2228e-02	1.2123e-09	3.9850e-05	2.1214e-05	2.6268e-01	2.0421e-05	1.5212e-05	2.5753e-12	2.0732e-11	2.1669e-10	1.3584e-10	
3.4061e-05	1.0732e+03	6.8125e-01	4.2108e-02	1.1951e-02	1.2056e-09	4.0441e-05	2.1165e-05	2.6459e-01	2.0336e-05	1.5363e-05	2.6715e-12	2.0582e-11	2.1545e-10	1.3474e-10	
3.5243e-05	1.0732e+03	6.7905e-01	4.2738e-02	1.1688e-02	1.1991e-09	4.1012e-05	2.1115e-05	2.6642e-01	2.0252e-05	1.5510e-05	2.7673e-12	2.0439e-11	2.1427e-10	1.3368e-10	
3.6426e-05	1.0732e+03	6.7692e-01	4.3353e-02	1.1439e-02	1.1928e-09	4.1566e-05	2.1063e-05	2.6819e-01	2.0169e-05	1.5655e-05	2.8629e-12	2.0303e-11	2.1314e-10	1.3266e-10	
3.8459e-05	1.0732e+03	6.7340e-01	4.4379e-02	1.1038e-02	1.1823e-09	4.2478e-05	2.0970e-05	2.7108e-01	2.0027e-05	1.5897e-05	3.0265e-12	2.0085e-11	2.1131e-10	1.3101e-10	
4.0493e-05	1.0732e+03	6.7005e-01	4.5369e-02	1.0669e-02	1.1722e-09	4.3345e-05	2.0874e-05	2.7381e-01	1.9887e-05	1.6132e-05	3.1892e-12	1.9882e-11	2.0961e-10	1.2947e-10	
4.2527e-05	1.0732e+03	6.6685e-01	4.6324e-02	1.0327e-02	1.1626e-09	4.4168e-05	2.0776e-05	2.7639e-01	1.9750e-05	1.6360e-05	3.3509e-12	1.9695e-11	2.0801e-10	1.2802e-10	
4.4561e-05	1.0732e+03	6.6380e-01	4.7248e-02	1.0010e-02	1.1533e-09	4.4953e-05	2.0677e-05	2.7884e-01	1.9616e-05	1.6581e-05	3.5116e-12	1.9521e-11	2.0652e-10	1.2665e-10	
4.6595e-05	1.0732e+03	6.6088e-01	4.8142e-02	9.7155e-03	1.1443e-09	4.5702e-05	2.0577e-05	2.8116e-01	1.9484e-05	1.6796e-05	3.6713e-12	1.9359e-11	2.0511e-10	1.2537e-10	
4.8629e-05	1.0732e+03	6.5807e-01	4.9008e-02	9.4400e-03	1.1357e-09	4.6416e-05	2.0476e-05	2.8337e-01	1.9354e-05	1.7005e-05	3.8299e-12	1.9208e-11	2.0379e-10	1.2415e-10	
5.0662e-05	1.0732e+03	6.5538e-01	4.9849e-02	9.1819e-03	1.1273e-09	4.7099e-05	2.0375e-05	2.8548e-01	1.9227e-05	1.7209e-05	3.9876e-12	1.9066e-11	2.0253e-10	1.2299e-10	
5.2696e-05	1.0732e+03	6.5279e-01	5.0666e-02	8.9397e-03	1.1192e-09	4.7752e-05	2.0273e-05	2.8750e-01	1.9102e-05	1.7409e-05	4.1443e-12	1.8933e-11	2.0134e-10	1.2189e-10	
5.4730e-05	1.0732e+03	6.5030e-01	5.1460e-02	8.7122e-03	1.1114e-09	4.8378e-05	2.0172e-05	2.8943e-01	1.8980e-05	1.7602e-05	4.2999e-12	1.8809e-11	2.0021e-10	1.2085e-10	
5.6764e-05	1.0732e+03	6.4789e-01	5.2232e-02	8.4976e-03	1.1038e-09	4.8979e-05	2.0071e-05	2.9128e-01	1.8860e-05	1.7792e-05	4.4546e-12	1.8692e-11	1.9914e-10	1.1985e-10	
5.8798e-05	1.0732e+03	6.4557e-01	5.2984e-02	8.2946e-03	1.0965e-09	4.9554e-05	1.9970e-05	2.9305e-01	1.8742e-05	1.7977e-05	4.6082e-12	1.8581e-11	1.9811e-10	1.1889e-10	
6.0278e-05	1.0732e+03	6.4392e-01	5.3520e-02	8.1538e-03	1.0912e-09	4.9959e-05	1.9897e-05	2.9430e-01	1.8657e-05	1.8110e-05	4.7194e-12	1.8505e-11	1.9739e-10	1.1823e-10	
6.1757e-05	1.0732e+03	6.4232e-01	5.4045e-02	8.0184e-03	1.0861e-09	5.0352e-05	1.9824e-05	2.9551e-01	1.8574e-05	1.8240e-05	4.8300e-12	1.8431e-11	1.9670e-10	1.1758e-10	
6.3237e-05	1.0732e+03	6.4075e-01	5.4561e-02	7.8882e-03	1.0811e-09	5.0733e-05	1.9752e-05	2.9669e-01	1.8492e-05	1.8368e-05	4.9401e-12	1.8361e-11	1.9603e-10	1.1695e-10	
6.4717e-05	1.0732e+03	6.3922e-01	5.5069e-02	7.7626e-03	1.0762e-09	5.1104e-05	1.9680e-05	2.9784e-01	1.8411e-05	1.8495e-05	5.0497e-12	1.8293e-11	1.9537e-10	1.1634e-10	
6.6197e-05	1.0732e+03	6.3773e-01	5.5567e-02	7.6416e-03	1.0713e-09	5.1465e-05	1.9608e-05	2.9896e-01	1.8331e-05	1.8619e-05	5.1587e-12	1.8228e-11	1.9474e-10	1.1575e-10	
6.7677e-05	1.0732e+03	6.3627e-01	5.6057e-02	7.5250e-03	1.0666e-09	5.1816e-05	1.9537e-05	3.0004e-01	1.8252e-05	1.8742e-05	5.2672e-12	1.8166e-11	1.9412e-10	1.1517e-10	
6.9157e-05	1.0732e+03	6.3483e-01	5.6539e-02	7.4123e-03	1.0619e-09	5.2158e-05	1.9467e-05	3.0111e-01	1.8174e-05	1.8862e-05	5.3753e-12	1.8106e-11	1.9352e-10	1.1461e-10	
7.0637e-05	1.0732e+03	6.3343e-01	5.7013e-02	7.3033e-03	1.0573e-09	5.2490e-05	1.9397e-05	3.0214e-01	1.8097e-05	1.8982e-05	5.4828e-12	1.8048e-11	1.9294e-10	1.1406e-10	
7.2995e-05	1.0732e+03	6.3126e-01	5.7752e-02	7.1372e-03	1.0502e-09	5.3001e-05	1.9286e-05	3.0374e-01	1.7976e-05	1.9168e-05	5.6530e-12	1.7960e-11	1.9205e-10	1.1322e-10	
7.5352e-05	1.0732e+03	6.2915e-01	5.8474e-02	6.9795e-03	1.0433e-09	5.3491e-05	1.9176e-05	3.0528e-01	1.7858e-05	1.9351e-05	5.8219e-12	1.7878e-11	1.9119e-10	1.1241e-10	
7.7710e-05	1.0732e+03	6.2711e-01	5.9178e-02	6.8294e-03	1.0365e-09	5.3961e-05	1.9067e-05	3.0677e-01	1.7742e-05	1.9530e-05	5.9896e-12	1.7800e-11	1.9036e-10	1.1164e-10	
8.0068e-05	1.0732e+03	6.2513e-01	5.9865e-02	6.6866e-03	1.0299e-09	5.4413e-05	1.8961e-05	3.0820e-01	1.7629e-05	1.9705e-05	6.1560e-12	1.7726e-11	1.8957e-10	1.1089e-10	
8.2426e-05	1.0732e+03	6.2321e-01	6.0537e-02	6.5506e-03	1.0235e-09	5.4847e-05	1.8855e-05	3.0959e-01	1.7518e-05	1.9876e-05	6.3212e-12	1.7657e-11	1.8880e-10	1.1018e-10	
8.6880e-05	1.0732e+03	6.1973e-01	6.1766e-02	6.3097e-03	1.0118e-09	5.5620e-05	1.8659e-05	3.1208e-01	1.7313e-05	2.0192e-05	6.6299e-12	1.7536e-11	1.8743e-10	1.0889e-10	
9.1334e-05	1.0732e+03	6.1643e-01	6.2945e-02	6.0881e-03	1.0006e-09	5.6339e-05	1.8467e-05	3.1443e-01	1.7115e-05	2.0497e-05	6.9344e-12	1.7426e-11	1.8615e-10	1.0768e-10	
9.5789e-05	1.0732e+03	6.1328e-01	6.4079e-02	5.8836e-03	9.8984e-10	5.7008e-05	1.8280e-05	3.1664e-01	1.6924e-05	2.0791e-05	7.2346e-12	1.7328e-11	1.8494e-10	1.0655e-10	
1.0024e-04	1.0732e+03	6.1029e-01	6.5171e-02	5.6938e-03	9.7950e-10	5.7631e-05	1.8097e-05	3.1874e-01	1.6739e-05	2.1076e-05	7.5309e-12	1.7238e-11	1.8380e-10	1.0548e-10	
1.0470e-04	1.0732e+03	6.0742e-01	6.6224e-02	5.5172e-03	9.6955e-10	5.8211e-05	1.7919e-05	3.2072e-01	1.6560e-05	2.1353e-05	7.8232e-12	1.7158e-11	1.8272e-10	1.0447e-10	
1.0915e-04	1.0732e+03	6.0468e-01	6.7241e-02	5.3526e-03	9.5997e-10	5.8753e-05	1.7745e-05	3.2261e-01	1.6387e-05	2.1621e-05	8.1116e-12	1.7084e-11	1.8170e-10	1.0352e-10	
1.1361e-04	1.0732e+03	6.0206e-01	6.8224e-02	5.1987e-03	9.5071e-10	5.9260e-05	1.7575e-05	3.2441e-01	1.6218e-05	2.1882e-05	8.3962e-12	1.7018e-11	1.8073e-10	1.0261e-10	
1.2032e-04	1.0732e+03	5.9829e-01	6.9647e-02	4.9844e-03	9.3734e-10	5.9962e-05	1.7327e-05	3.2696e-01	1.5974e-05	2.2261e-05	8.8185e-12	1.6930e-11	1.7935e-10	1.0133e-10	
1.2704e-04	1.0732e+03	5.9474e-01	7.1004e-02	4.7889e-03	9.2461e-10	6.0597e-05	1.7087e-05	3.2935e-01	1.5740e-05	2.2625e-05	9.2328e-12	1.6853e-11	1.7807e-10	1.0014e-10	
1.3376e-04	1.0732e+03	5.9139e-01	7.2301e-02	4.6097e-03	9.1245e-10	6.1172e-05	1.6855e-05	3.3159e-01	1.5515e-05	2.2976e-05	9.6392e-12	1.6788e-11	1.7686e-10	9.9029e-11	
1.4048e-04	1.0732e+03	5.8820e-01	7.3544e-02	4.4448e-03	9.0083e-10	6.1693e-05	1.6631e-05	3.3369e-01	1.5300e-05	2.3314e-05	1.0038e-11	1.6732e-11	1.7573e-10	9.7991e-11	
1.4720e-04	1.0732e+03	5.8518e-01	7.4736e-02	4.2924e-03	8.8968e-10	6.2165e-05	1.6415e-05	3.3568e-01	1.5092e-05	2.3640e-05	1.0430e-11	1.6684e-11	1.7466e-10	9.7017e-11	
1.5391e-04	1.0732e+03	5.8230e-01	7.5881e-02	4.1512e-03	8.7899e-10	6.2593e-05	1.6205e-05	3.3755e-01	1.4893e-05	2.3955e-05	1.0815e-11	1.6644e-11	1.7366e-10	9.6101e-11	
1.6063e-04	1.0732e+03	5.7955e-01	7.6982e-02	4.0198e-03	8.6870e-10	6.2980e-05	1.6003e-05	3.3933e-01	1.4700e-05	2.4259e-05	1.1193e-11	1.6610e-11	1.7270e-10	9.5238e-11	
1.6735e-04	1.0732e+03	5.7692e-01	7.8044e-02	3.8973e-03	8.5879e-10	6.3330e-05	1.5806e-05	3.4102e-01	1.4514e-05	2.4555e-05	1.1564e-11	1.6582e-11	1.7179e-10	9.4423e-11	
1.7407e-04	1.0732e+03	5.7441e-01	7.9068e-02	3.7827e-03	8.4924e-10	6.3647e-05	1.5616e-05	3.4262e-01	1.4335e-05	2.4841e-05	1.1929e-11	1.6559e-11	1.7093e-10	9.3652e-11	
1.8078e-04	1.0732e+03	5.7200e-01	8.0056e-02	3.6753e-03	8.4001e-10	6.3933e-05	1.5431e-05	3.4415e-01	1.4161e-05	2.5118e-05	1.2289e-11	1.6542e-11	1.7010e-10	9.2922e-11	
1.8750e-04	1.0732e+03	5.6968e-01	8.1012e-02	3.5743e-03	8.3110e-10	6.4190e-05	1.5251e-05	3.4561e-01	1.3993e-05	2.5388e-05	1.2642e-11	1.6528e-11	1.6932e-10	9.2228e-11	
1.9835e-04	1.0732e+03	5.6613e-01	8.2491e-02	3.4235e-03	8.1730e-10	6.4551e-05	1.4972e-05	3.4783e-01	1.3733e-05	2.5808e-05	1.3200e-11	1.6514e-11	1.6812e-10	9.1179e-11	
2.0920e-04	1.0732e+03	5.6279e-01	8.3897e-02	3.2859e-03	8.0418e-10	6.4852e-05	1.4706e-05	3.4991e-01	1.3485e-05	2.6210e-05	1.3744e-11	1.6509e-11	1.6700e-10	9.0210e-11	
2.2004e-04	1.0732e+03	5.5963e-01	8.5237e-02	3.1597e-03	7.9167e-10	6.5099e-05	1.4451e-05	3.5185e-01	1.3249e-05	2.6595e-05	1.4275e-11	1.6511e-11	1.6595e-10	8.9311e-11	
2.3089e-04	1.0732e+03	5.5665e-01	8.6516e-02	3.0436e-03	7.7973e-10	6.5300e-05	1.4206e-05	3.5367e-01	1.3023e-05	2.6965e-05	1.4793e-11	1.6520e-11	1.6497e-10	8.8475e-11	
2.4174e-04	1.0732e+03	5.5381e-01	8.7738e-02	2.9364e-03	7.6830e-10	6.5459e-05	1.3972e-05	3.5539e-01	1.2807e-05	2.7321e-05	1.5298e-11	1.6534e-11	1.6404e-10	8.7696e-11	
2.5258e-04	1.0732e+03	5.5112e-01	8.8910e-02	2.8370e-03	7.5734e-10	6.5581e-05	1.3746e-05	3.5701e-01	1.2600e-05	2.7664e-05	1.5792e-11	1.6553e-11	1.6316e-10	8.6968e-11	
2.6343e-04	1.0732e+03	5.4856e-01	9.0033e-02	2.7446e-03	7.4682e-10	6.5669e-05	1.3530e-05	3.5855e-01	1.2402e-05	2.7995e-05	1.6275e-11	1.6576e-11	1.6234e-10	8.6286e-11	
2.7428e-04	1.0732e+03	5.4611e-01	9.1113e-02	2.6584e-03	7.3670e-10	6.5728e-05	1.3321e-05	3.6000e-01	1.2211e-05	2.8314e-05	1.6747e-11	1.6603e-11	1.6155e-10	8.5647e-11	
2.8512e-04	1.0732e+03	5.4377e-01	9.2151e-02	2.5778e-03	7.2695e-10	6.5758e-05	1.3120e-05	3.6138e-01	1.2027e-05	2.8623e-05	1.7208e-11	1.6633e-11	1.6081e-10	8.5047e-11	
2.9597e-04	1.0732e+03	5.4153e-01	9.3151e-02	2.5022e-03	7.1756e-10	6.5765e-05	1.2926e-05	3.6270e-01	1.1850e-05	2.8922e-05	1.7660e-11	1.6666e-11	1.6011e-10	8.4482e-11	
3.0682e-04	1.0732e+03	5.3938e-01	9.4115e-02	2.4312e-03	7.0849e-10	6.5751e-05	1.2739e-05	3.6395e-01	1.1679e-05	2.9210e-05	1.8103e-11	1.6702e-11	1.5943e-10	8.3950e-11	
3.1766e-04	1.0732e+03	5.3732e-01	9.5046e-02	2.3644e-03	6.9972e-10	6.5717e-05	1.2558e-05	3.6515e-01	1.1514e-05	2.9490e-05	1.8536e-11	1.6739e-11	1.5879e-10	8.3448e-11	
3.2851e-04	1.0732e+03	5.3534e-01	9.5945e-02	2.3014e-03	6.9125e-10	6.5664e-05	1.2383e-05	3.6629e-01	1.1355e-05	2.9762e-05	1.8961e-11	1.6779e-11	1.5819e-10	8.2974e-11	
3.3935e-04	1.0732e+03	5.3344e-01	9.6815e-02	2.2417e-03	6.8304e-10	6.5594e-05	1.2214e-05	3.6739e-01	1.1201e-05	3.0026e-05	1.9377e-11	1.6820e-11	1.5761e-10	8.2526e-11	
3.5020e-04	1.0732e+03	5.3160e-01	9.7656e-02	2.1853e-03	6.7508e-10	6.5510e-05	1.2050e-05	3.6844e-01	1.1052e-05	3.0282e-05	1.9785e-11	1.6863e-11	1.5705e-10	8.2102e-11	
3.6105e-04	1.0732e+03	5.2983e-01	9.8472e-02	2.1318e-03	6.6736e-10	6.5414e-05	1.1891e-05	3.6945e-01	1.0908e-05	3.0531e-05	2.0185e-11	1.6907e-11	1.5652e-10	8.1700e-11	
3.7189e-04	1.0732e+03	5.2812e-01	9.9262e-02	2.0810e-03	6.5987e-10	6.5304e-05	1.1737e-05	3.7041e-01	1.0768e-05	3.0773e-05	2.0578e-11	1.6952e-11	1.5601e-10	8.1320e-11	
3.8274e-04	1.0732e+03	5.2647e-01	1.0003e-01	2.0326e-03	6.5260e-10	6.5184e-05	1.1587e-05	3.7135e-01	1.0632e-05	3.1009e-05	2.0963e-11	1.6999e-11	1.5553e-10	8.0958e-11	
3.9359e-04	1.0732e+03	5.2488e-01	1.0077e-01	1.9866e-03	6.4552e-10	6.5053e-05	1.1442e-05	3.7224e-01	1.0500e-05	3.1238e-05	2.1342e-11	1.7046e-11	1.5506e-10	8.0615e-11	
4.0443e-04	1.0732e+03	5.2333e-01	1.0150e-01	1.9427e-03	6.3864e-10	6.4913e-05	1.1301e-05	3.7311e-01	1.0373e-05	3.1461e-05	2.1713e-11	1.7093e-11	1.5462e-10	8.0289e-11	
4.2020e-04	1.0732e+03	5.2118e-01	1.0251e-01	1.8823e-03	6.2895e-10	6.4695e-05	1.1103e-05	3.7431e-01	1.0193e-05	3.1776e-05	2.2242e-11	1.7164e-11	1.5400e-10	7.9844e-11	
4.3597e-04	1.0732e+03	5.1911e-01	1.0349e-01	1.8257e-03	6.1963e-10	6.4461e-05	1.0912e-05	3.7546e-01	1.0020e-05	3.2079e-05	2.2758e-11	1.7235e-11	1.5342e-10	7.9429e-11	
4.5174e-04	1.0732e+03	5.1714e-01	1.0443e-01	1.7726e-03	6.1064e-10	6.4214e-05	1.0729e-05	3.7655e-01	9.8545e-06	3.2371e-05	2.3260e-11	1.7307e-11	1.5288e-10	7.9042e-11	
4.6751e-04	1.0732e+03	5.1524e-01	1.0533e-01	1.7225e-03	6.0197e-10	6.3955e-05	1.0552e-05	3.7759e-01	9.6947e-06	3.2654e-05	2.3751e-11	1.7380e-11	1.5236e-10	7.8682e-11	
4.8328e-04	1.0732e+03	5.1342e-01	1.0620e-01	1.6753e-03	5.9359e-10	6.3686e-05	1.0382e-05	3.7858e-01	9.5407e-06	3.2927e-05	2.4230e-11	1.7453e-11	1.5188e-10	7.8346e-11	
4.9905e-04	1.0732e+03	5.1168e-01	1.0705e-01	1.6307e-03	5.8549e-10	6.3407e-05	1.0218e-05	3.7953e-01	9.3922e-06	3.3191e-05	2.4698e-11	1.7526e-11	1.5142e-10	7.8032e-11	
5.2337e-04	1.0732e+03	5.0911e-01	1.0829e-01	1.5665e-03	5.7350e-10	6.2963e-05	9.9756e-06	3.8092e-01	9.1731e-06	3.3581e-05	2.5399e-11	1.7640e-11	1.5076e-10	7.7587e-11	
5.6678e-04	1.0732e+03	5.0488e-01	1.1036e-01	1.4639e-03	5.5347e-10	6.2136e-05	9.5731e-06	3.8319e-01	8.8090e-06	3.4232e-05	2.6593e-11	1.7841e-11	1.4971e-10	7.6897e-11	
5.9592e-04	1.0732e+03	5.0226e-01	1.1165e-01	1.4024e-03	5.4092e-10	6.1563e-05	9.3222e-06	3.8458e-01	8.5820e-06	3.4638e-05	2.7355e-11	1.7975e-11	1.4910e-10	7.6498e-11	
6.2505e-04	1.0732e+03	4.9979e-01	1.1287e-01	1.3459e-03	5.2900e-10	6.0980e-05	9.0850e-06	3.8588e-01	8.3674e-06	3.5024e-05	2.8089e-11	1.8107e-11	1.4854e-10	7.6145e-11	
6.5418e-04	1.0732e+03	4.9747e-01	1.1402e-01	1.2938e-03	5.1766e-10	6.0390e-05	8.8604e-06	3.8710e-01	8.1642e-06	3.5388e-05	2.8796e-11	1.8237e-11	1.4803e-10	7.5830e-11	
6.8331e-04	1.0732e+03	4.9527e-01	1.1512e-01	1.2457e-03	5.0686e-10	5.9796e-05	8.6474e-06	3.8825e-01	7.9714e-06	3.5734e-05	2.9478e-11	1.8366e-11	1.4757e-10	7.5549e-11	
7.1245e-04	1.0732e+03	4.9319e-01	1.1617e-01	1.2010e-03	4.9654e-10	5.9201e-05	8.4449e-06	3.8933e-01	7.7880e-06	3.6063e-05	3.0137e-11	1.8491e-11	1.4715e-10	7.5300e-11	
7.4158e-04	1.0732e+03	4.9121e-01	1.1717e-01	1.1594e-03	4.8668e-10	5.8605e-05	8.2522e-06	3.9035e-01	7.6133e-06	3.6375e-05	3.0773e-11	1.8615e-11	1.4678e-10	7.5077e-11	
7.7071e-04	1.0732e+03	4.8933e-01	1.1812e-01	1.1206e-03	4.7723e-10	5.8011e-05	8.0684e-06	3.9132e-01	7.4468e-06	3.6672e-05	3.1388e-11	1.8736e-11	1.4643e-10	7.4879e-11	
7.9985e-04	1.0732e+03	4.8755e-01	1.1903e-01	1.0843e-03	4.6818e-10	5.7419e-05	7.8929e-06	3.9223e-01	7.2877e-06	3.6955e-05	3.1984e-11	1.8854e-11	1.4612e-10	7.4702e-11	
8.2898e-04	1.0732e+03	4.8584e-01	1.1990e-01	1.0502e-03	4.5948e-10	5.6831e-05	7.7252e-06	3.9310e-01	7.1355e-06	3.7224e-05	3.2561e-11	1.8970e-11	1.4584e-10	7.4545e-11	
8.5811e-04	1.0732e+03	4.8421e-01	1.2073e-01	1.0182e-03	4.5112e-10	5.6247e-05	7.5646e-06	3.9393e-01	6.9898e-06	3.7481e-05	3.3121e-11	1.9083e-11	1.4558e-10	7.4404e-11	
8.8724e-04	1.0732e+03	4.8265e-01	1.2153e-01	9.8813e-04	4.4308e-10	5.5667e-05	7.4107e-06	3.9472e-01	6.8501e-06	3.7726e-05	3.3663e-11	1.9194e-11	1.4535e-10	7.4280e-11	
9.1638e-04	1.0732e+03	4.8116e-01	1.2230e-01	9.5971e-04	4.3533e-10	5.5094e-05	7.2631e-06	3.9547e-01	6.7160e-06	3.7959e-05	3.4190e-11	1.9301e-11	1.4514e-10	7.4169e-11	
9.4551e-04	1.0732e+03	4.7973e-01	1.2304e-01	9.3286e-04	4.2786e-10	5.4526e-05	7.1213e-06	3.9618e-01	6.5871e-06	3.8182e-05	3.4701e-11	1.9406e-11	1.4495e-10	7.4070e-11	
9.9092e-04	1.0732e+03	4.7762e-01	1.2414e-01	8.9380e-04	4.1674e-10	5.3654e-05	6.9111e-06	3.9724e-01	6.3960e-06	3.8509e-05	3.5469e-11	1.9565e-11	1.4469e-10	7.3938e-11	
1.0363e-03	1.0732e+03	4.7562e-01	1.2518e-01	8.5783e-04	4.0619e-10	5.2798e-05	6.7130e-06	3.9823e-01	6.2157e-06	3.8814e-05	3.6205e-11	1.9716e-11	1.4446e-10	7.3829e-11	
1.0817e-03	1.0732e+03	4.7375e-01	1.2616e-01	8.2456e-04	3.9617e-10	5.1959e-05	6.5259e-06	3.9916e-01	6.0454e-06	3.9098e-05	3.6911e-11	1.9862e-11	1.4427e-10	7.3739e-11	
1.1272e-03	1.0732e+03	4.7198e-01	1.2709e-01	7.9370e-04	3.8663e-10	5.1137e-05	6.3489e-06	4.0003e-01	5.8841e-06	3.9362e-05	3.7587e-11	2.0001e-11	1.4411e-10	7.3665e-11	
1.1726e-03	1.0732e+03	4.7030e-01	1.2798e-01	7.6499e-04	3.7755e-10	5.0332e-05	6.1810e-06	4.0086e-01	5.7310e-06	3.9608e-05	3.8238e-11	2.0134e-11	1.4397e-10	7.3605e-11	
1.2180e-03	1.0732e+03	4.6871e-01	1.2882e-01	7.3822e-04	3.6888e-10	4.9545e-05	6.0218e-06	4.0163e-01	5.5857e-06	3.9836e-05	3.8863e-11	2.0261e-11	1.4385e-10	7.3555e-11	
1.2634e-03	1.0732e+03	4.6720e-01	1.2962e-01	7.1320e-04	3.6059e-10	4.8777e-05	5.8703e-06	4.0237e-01	5.4474e-06	4.0049e-05	3.9465e-11	2.0383e-11	1.4376e-10	7.3515e-11	
1.3088e-03	1.0732e+03	4.6576e-01	1.3038e-01	6.8973e-04	3.5267e-10	4.8025e-05	5.7260e-06	4.0306e-01	5.3156e-06	4.0247e-05	4.0045e-11	2.0498e-11	1.4367e-10	7.3482e-11	
1.3542e-03	1.0732e+03	4.6440e-01	1.3111e-01	6.6769e-04	3.4507e-10	4.7289e-05	5.5884e-06	4.0373e-01	5.1898e-06	4.0431e-05	4.0604e-11	2.0609e-11	1.4360e-10	7.3457e-11	
1.3996e-03	1.0732e+03	4.6309e-01	1.3181e-01	6.4697e-04	3.3779e-10	4.6571e-05	5.4571e-06	4.0435e-01	5.0697e-06	4.0602e-05	4.1144e-11	2.0714e-11	1.4354e-10	7.3436e-11	
1.4450e-03	1.0732e+03	4.6185e-01	1.3248e-01	6.2744e-04	3.3080e-10	4.5871e-05	5.3317e-06	4.0495e-01	4.9549e-06	4.0760e-05	4.1665e-11	2.0814e-11	1.4349e-10	7.3418e-11	
1.4904e-03	1.0732e+03	4.6065e-01	1.3312e-01	6.0899e-04	3.2407e-10	4.5185e-05	5.2115e-06	4.0553e-01	4.8449e-06	4.0907e-05	4.2168e-11	2.0909e-11	1.4344e-10	7.3403e-11	
1.5358e-03	1.0732e+03	4.5951e-01	1.3373e-01	5.9152e-04	3.1761e-10	4.4516e-05	5.0964e-06	4.0607e-01	4.7394e-06	4.1043e-05	4.2655e-11	2.0999e-11	1.4341e-10	7.3391e-11	
1.5813e-03	1.0732e+03	4.5842e-01	1.3432e-01	5.7500e-04	3.1139e-10	4.3863e-05	4.9862e-06	4.0659e-01	4.6383e-06	4.1168e-05	4.3126e-11	2.1085e-11	1.4337e-10	7.3380e-11	
1.6094e-03	1.0732e+03	4.5777e-01	1.3467e-01	5.6521e-04	3.0766e-10	4.3466e-05	4.9202e-06	4.0690e-01	4.5778e-06	4.1240e-05	4.3410e-11	2.1136e-11	1.4335e-10	7.3373e-11	
1.6375e-03	1.0732e+03	4.5713e-01	1.3502e-01	5.5571e-04	3.0400e-10	4.3075e-05	4.8558e-06	4.0721e-01	4.5187e-06	4.1310e-05	4.3688e-11	2.1185e-11	1.4334e-10	7.3367e-11	
1.6656e-03	1.0732e+03	4.5651e-01	1.3535e-01	5.4651e-04	3.0043e-10	4.2689e-05	4.7930e-06	4.0750e-01	4.4610e-06	4.1375e-05	4.3961e-11	2.1232e-11	1.4332e-10	7.3361e-11	
1.6937e-03	1.0732e+03	4.5590e-01	1.3568e-01	5.3759e-04	2.9693e-10	4.2309e-05	4.7316e-06	4.0779e-01	4.4047e-06	4.1437e-05	4.4229e-11	2.1278e-11	1.4330e-10	7.3354e-11	
1.7218e-03	1.0732e+03	4.5531e-01	1.3600e-01	5.2893e-04	2.9352e-10	4.1934e-05	4.6717e-06	4.0807e-01	4.3497e-06	4.1496e-05	4.4491e-11	2.1322e-11	1.4329e-10	7.3348e-11	
1.7499e-03	1.0732e+03	4.5473e-01	1.3632e-01	5.2053e-04	2.9017e-10	4.1564e-05	4.6132e-06	4.0834e-01	4.2959e-06	4.1551e-05	4.4749e-11	2.1365e-11	1.4327e-10	7.3342e-11	
1.7780e-03	1.0732e+03	4.5416e-01	1.3662e-01	5.1239e-04	2.8689e-10	4.1200e-05	4.5561e-06	4.0861e-01	4.2435e-06	4.1604e-05	4.5002e-11	2.1406e-11	1.4325e-10	7.3335e-11	
1.7947e-03	1.0732e+03	4.5384e-01	1.3680e-01	5.0769e-04	2.8499e-10	4.0988e-05	4.5231e-06	4.0876e-01	4.2132e-06	4.1633e-05	4.5149e-11	2.1430e-11	1.4324e-10	7.3330e-11	
1.8113e-03	1.0732e+03	4.5351e-01	1.3698e-01	5.0305e-04	2.8311e-10	4.0777e-05	4.4903e-06	4.0892e-01	4.1830e-06	4.1661e-05	4.5295e-11	2.1453e-11	1.4323e-10	7.3326e-11	
1.8211e-03	1.0732e+03	4.5333e-01	1.3708e-01	5.0036e-04	2.8201e-10	4.0653e-05	4.4712e-06	4.0900e-01	4.1655e-06	4.1678e-05	4.5380e-11	2.1467e-11	1.4323e-10	7.3323e-11	
1.8308e-03	1.0732e+03	4.5314e-01	1.3718e-01	4.9770e-04	2.8092e-10	4.0530e-05	4.4523e-06	4.0909e-01	4.1481e-06	4.1694e-05	4.5465e-11	2.1480e-11	1.4322e-10	7.3320e-11	
1.8406e-03	1.0732e+03	4.5295e-01	1.3728e-01	4.9506e-04	2.7984e-10	4.0408e-05	4.4335e-06	4.0918e-01	4.1309e-06	4.1709e-05	4.5549e-11	2.1493e-11	1.4322e-10	7.3318e-11	
1.8504e-03	1.0732e+03	4.5277e-01	1.3738e-01	4.9246e-04	2.7877e-10	4.0286e-05	4.4149e-06	4.0926e-01	4.1138e-06	4.1725e-05	4.5632e-11	2.1506e-11	1.4321e-10	7.3315e-11	
1.8602e-03	1.0732e+03	4.5259e-01	1.3748e-01	4.8987e-04	2.7770e-10	4.0165e-05	4.3965e-06	4.0935e-01	4.0968e-06	4.1739e-05	4.5715e-11	2.1518e-11	1.4321e-10	7.3312e-11	
1.8670e-03	1.0732e+03	4.5246e-01	1.3755e-01	4.8810e-04	2.7697e-10	4.0082e-05	4.3838e-06	4.0941e-01	4.0851e-06	4.1749e-05	4.5772e-11	2.1527e-11	1.4320e-10	7.3309e-11	
1.8738e-03	1.0732e+03	4.5234e-01	1.3762e-01	4.8632e-04	2.7623e-10	3.9998e-05	4.3710e-06	4.0947e-01	4.0734e-06	4.1760e-05	4.5830e-11	2.1536e-11	1.4320e-10	7.3307e-11	
1.8781e-03	1.0732e+03	4.5226e-01	1.3766e-01	4.8523e-04	2.7578e-10	3.9946e-05	4.3632e-06	4.0951e-01	4.0662e-06	4.1766e-05	4.5865e-11	2.1541e-11	1.4320e-10	7.3306e-11	
1.8810e-03	1.0732e+03	4.5220e-01	1.3769e-01	4.8447e-04	2.7546e-10	3.9910e-05	4.3577e-06	4.0953e-01	4.0612e-06	4.1770e-05	4.5889e-11	2.1545e-11	1.4319e-10	7.3305e-11	
1.8839e-03	1.0732e+03	4.5215e-01	1.3772e-01	4.8371e-04	2.7515e-10	3.9874e-05	4.3523e-06	4.0956e-01	4.0562e-06	4.1774e-05	4.5914e-11	2.1549e-11	1.4319e-10	7.3304e-11	
1.8869e-03	1.0732e+03	4.5210e-01	1.3775e-01	4.8296e-04	2.7484e-10	3.9838e-05	4.3469e-06	4.0958e-01	4.0512e-06	4.1778e-05	4.5938e-11	2.1552e-11	1.4319e-10	7.3303e-11	
1.8898e-03	1.0732e+03	4.5204e-01	1.3778e-01	4.8221e-04	2.7452e-10	3.9803e-05	4.3415e-06	4.0961e-01	4.0463e-06	4.1783e-05	4.5963e-11	2.1556e-11	1.4319e-10	7.3302e-11	
1.8927e-03	1.0732e+03	4.5199e-01	1.3781e-01	4.8146e-04	2.7421e-10	3.9767e-05	4.3362e-06	4.0963e-01	4.0413e-06	4.1787e-05	4.5987e-11	2.1559e-11	1.4319e-10	7.3301e-11	
1.8957e-03	1.0732e+03	4.5194e-01	1.3784e-01	4.8072e-04	2.7390e-10	3.9732e-05	4.3307e-06	4.0965e-01	4.0364e-06	4.1791e-05	4.6011e-11	2.1563e-11	1.4319e-10	7.3301e-11	
1.8986e-03	1.0732e+03	4.5189e-01	1.3786e-01	4.7997e-04	2.7359e-10	3.9696e-05	4.3254e-06	4.0968e-01	4.0314e-06	4.1795e-05	4.6035e-11	2.1567e-11	1.4318e-10	7.3300e-11	
1.9015e-03	1.0732e+03	4.5183e-01	1.3789e-01	4.7923e-04	2.7328e-10	3.9661e-05	4.3200e-06	4.0970e-01	4.0265e-06	4.1799e-05	4.6059e-11	2.1570e-11	1.4318e-10	7.3299e-11	
1.9061e-03	1.0732e+03	4.5175e-01	1.3794e-01	4.7809e-04	2.7280e-10	3.9606e-05	4.3118e-06	4.0974e-01	4.0189e-06	4.1805e-05	4.6097e-11	2.1576e-11	1.4318e-10	7.3297e-11	
1.9091e-03	1.0732e+03	4.5170e-01	1.3797e-01	4.7733e-04	2.7249e-10	3.9569e-05	4.3063e-06	4.0977e-01	4.0139e-06	4.1809e-05	4.6121e-11	2.1580e-11	1.4318e-10	7.3296e-11	
1.9122e-03	1.0732e+03	4.5164e-01	1.3800e-01	4.7657e-04	2.7217e-10	3.9533e-05	4.3008e-06	4.0979e-01	4.0088e-06	4.1813e-05	4.6146e-11	2.1583e-11	1.4317e-10	7.3295e-11	
1.9152e-03	1.0732e+03	4.5159e-01	1.3803e-01	4.7581e-04	2.7185e-10	3.9496e-05	4.2953e-06	4.0982e-01	4.0038e-06	4.1817e-05	4.6171e-11	2.1587e-11	1.4317e-10	7.3294e-11	
1.9182e-03	1.0732e+03	4.5154e-01	1.3806e-01	4.7506e-04	2.7154e-10	3.9460e-05	4.2899e-06	4.0984e-01	3.9988e-06	4.1821e-05	4.6196e-11	2.1590e-11	1.4317e-10	7.3293e-11	
1.9213e-03	1.0732e+03	4.5148e-01	1.3809e-01	4.7430e-04	2.7122e-10	3.9423e-05	4.2844e-06	4.0987e-01	3.9938e-06	4.1825e-05	4.6220e-11	2.1594e-11	1.4317e-10	7.3292e-11	
1.9243e-03	1.0732e+03	4.5143e-01	1.3811e-01	4.7356e-04	2.7090e-10	3.9387e-05	4.2790e-06	4.0989e-01	3.9888e-06	4.1829e-05	4.6245e-11	2.1598e-11	1.4317e-10	7.3291e-11	
1.9291e-03	1.0732e+03	4.5134e-01	1.3816e-01	4.7239e-04	2.7041e-10	3.9330e-05	4.2705e-06	4.0993e-01	3.9810e-06	4.1835e-05	4.6284e-11	2.1603e-11	1.4316e-10	7.3289e-11	
1.9338e-03	1.0732e+03	4.5126e-01	1.3821e-01	4.7122e-04	2.6992e-10	3.9274e-05	4.2621e-06	4.0997e-01	3.9732e-06	4.1841e-05	4.6322e-11	2.1609e-11	1.4316e-10	7.3287e-11	
1.9386e-03	1.0732e+03	4.5118e-01	1.3825e-01	4.7006e-04	2.6943e-10	3.9217e-05	4.2537e-06	4.1001e-01	3.9655e-06	4.1847e-05	4.6360e-11	2.1614e-11	1.4316e-10	7.3285e-11	
1.9488e-03	1.0732e+03	4.5100e-01	1.3835e-01	4.6759e-04	2.6839e-10	3.9097e-05	4.2357e-06	4.1009e-01	3.9489e-06	4.1860e-05	4.6442e-11	2.1626e-11	1.4315e-10	7.3281e-11	
1.9590e-03	1.0732e+03	4.5082e-01	1.3844e-01	4.6514e-04	2.6735e-10	3.8976e-05	4.2179e-06	4.1018e-01	3.9325e-06	4.1872e-05	4.6523e-11	2.1637e-11	1.4314e-10	7.3277e-11	
1.9692e-03	1.0732e+03	4.5065e-01	1.3854e-01	4.6271e-04	2.6632e-10	3.8857e-05	4.2002e-06	4.1026e-01	3.9162e-06	4.1884e-05	4.6604e-11	2.1649e-11	1.4314e-10	7.3273e-11	
1.9795e-03	1.0732e+03	4.5048e-01	1.3863e-01	4.6031e-04	2.6530e-10	3.8738e-05	4.1826e-06	4.1034e-01	3.9001e-06	4.1895e-05	4.6684e-11	2.1660e-11	1.4313e-10	7.3269e-11	
2.0155e-03	1.0732e+03	4.4987e-01	1.3896e-01	4.5201e-04	2.6175e-10	3.8322e-05	4.1217e-06	4.1062e-01	3.8439e-06	4.1934e-05	4.6964e-11	2.1698e-11	1.4310e-10	7.3253e-11	
2.0516e-03	1.0732e+03	4.4929e-01	1.3928e-01	4.4398e-04	2.5828e-10	3.7914e-05	4.0623e-06	4.1089e-01	3.7893e-06	4.1968e-05	4.7237e-11	2.1735e-11	1.4307e-10	7.3237e-11	
2.0877e-03	1.0732e+03	4.4872e-01	1.3960e-01	4.3621e-04	2.5489e-10	3.7513e-05	4.0045e-06	4.1116e-01	3.7361e-06	4.1999e-05	4.7505e-11	2.1769e-11	1.4304e-10	7.3218e-11	
2.1238e-03	1.0732e+03	4.4816e-01	1.3990e-01	4.2869e-04	2.5159e-10	3.7119e-05	3.9483e-06	4.1142e-01	3.6842e-06	4.2026e-05	4.7767e-11	2.1801e-11	1.4301e-10	7.3198e-11	
2.1599e-03	1.0732e+03	4.4762e-01	1.4020e-01	4.2140e-04	2.4837e-10	3.6732e-05	3.8935e-06	4.1167e-01	3.6337e-06	4.2050e-05	4.8023e-11	2.1832e-11	1.4298e-10	7.3177e-11	
2.1960e-03	1.0732e+03	4.4710e-01	1.4049e-01	4.1434e-04	2.4522e-10	3.6351e-05	3.8400e-06	4.1192e-01	3.5844e-06	4.2071e-05	4.8273e-11	2.1860e-11	1.4294e-10	7.3154e-11	
2.2616e-03	1.0732e+03	4.4617e-01	1.4100e-01	4.0206e-04	2.3967e-10	3.5676e-05	3.7463e-06	4.1234e-01	3.4979e-06	4.2100e-05	4.8716e-11	2.1908e-11	1.4287e-10	7.3109e-11	
2.3272e-03	1.0732e+03	4.4529e-01	1.4148e-01	3.9043e-04	2.3436e-10	3.5023e-05	3.6567e-06	4.1275e-01	3.4152e-06	4.2120e-05	4.9142e-11	2.1950e-11	1.4279e-10	7.3058e-11	
2.3928e-03	1.0732e+03	4.4444e-01	1.4195e-01	3.7940e-04	2.2925e-10	3.4389e-05	3.5710e-06	4.1314e-01	3.3361e-06	4.2130e-05	4.9553e-11	2.1987e-11	1.4270e-10	7.3002e-11	
2.4584e-03	1.0732e+03	4.4364e-01	1.4240e-01	3.6894e-04	2.2434e-10	3.3774e-05	3.4889e-06	4.1352e-01	3.2602e-06	4.2132e-05	4.9949e-11	2.2018e-11	1.4261e-10	7.2940e-11	
2.5678e-03	1.0732e+03	4.4236e-01	1.4310e-01	3.5263e-04	2.1657e-10	3.2790e-05	3.3594e-06	4.1410e-01	3.1406e-06	4.2118e-05	5.0579e-11	2.2061e-11	1.4242e-10	7.2826e-11	
2.6772e-03	1.0732e+03	4.4117e-01	1.4376e-01	3.3760e-04	2.0928e-10	3.1854e-05	3.2384e-06	4.1465e-01	3.0287e-06	4.2083e-05	5.1173e-11	2.2091e-11	1.4222e-10	7.2697e-11	
2.7865e-03	1.0732e+03	4.4005e-01	1.4438e-01	3.2370e-04	2.0242e-10	3.0963e-05	3.1252e-06	4.1516e-01	2.9240e-06	4.2031e-05	5.1735e-11	2.2110e-11	1.4199e-10	7.2554e-11	
2.8959e-03	1.0732e+03	4.3901e-01	1.4496e-01	3.1083e-04	1.9595e-10	3.0114e-05	3.0191e-06	4.1564e-01	2.8257e-06	4.1963e-05	5.2266e-11	2.2119e-11	1.4173e-10	7.2397e-11	
3.0053e-03	1.0732e+03	4.3803e-01	1.4551e-01	2.9886e-04	1.8985e-10	2.9305e-05	2.9193e-06	4.1609e-01	2.7333e-06	4.1880e-05	5.2770e-11	2.2119e-11	1.4146e-10	7.2227e-11	
3.1147e-03	1.0732e+03	4.3710e-01	1.4603e-01	2.8772e-04	1.8409e-10	2.8533e-05	2.8255e-06	4.1651e-01	2.6463e-06	4.1785e-05	5.3248e-11	2.2110e-11	1.4116e-10	7.2045e-11	
3.2241e-03	1.0732e+03	4.3623e-01	1.4651e-01	2.7732e-04	1.7864e-10	2.7795e-05	2.7370e-06	4.1690e-01	2.5642e-06	4.1678e-05	5.3701e-11	2.2094e-11	1.4083e-10	7.1852e-11	
3.3335e-03	1.0732e+03	4.3541e-01	1.4697e-01	2.6760e-04	1.7347e-10	2.7091e-05	2.6535e-06	4.1727e-01	2.4867e-06	4.1561e-05	5.4133e-11	2.2070e-11	1.4049e-10	7.1648e-11	
3.4428e-03	1.0732e+03	4.3464e-01	1.4741e-01	2.5848e-04	1.6857e-10	2.6418e-05	2.5746e-06	4.1763e-01	2.4135e-06	4.1435e-05	5.4543e-11	2.2040e-11	1.4013e-10	7.1435e-11	
3.5522e-03	1.0732e+03	4.3390e-01	1.4782e-01	2.4993e-04	1.6391e-10	2.5774e-05	2.4999e-06	4.1796e-01	2.3441e-06	4.1301e-05	5.4934e-11	2.2004e-11	1.3975e-10	7.1212e-11	
3.6616e-03	1.0732e+03	4.3320e-01	1.4821e-01	2.4189e-04	1.5949e-10	2.5157e-05	2.4291e-06	4.1827e-01	2.2783e-06	4.1160e-05	5.5307e-11	2.1963e-11	1.3936e-10	7.0981e-11	
3.8266e-03	1.0732e+03	4.3222e-01	1.4876e-01	2.3063e-04	1.5322e-10	2.4276e-05	2.3291e-06	4.1872e-01	2.1854e-06	4.0936e-05	5.5837e-11	2.1892e-11	1.3873e-10	7.0619e-11	
3.9916e-03	1.0732e+03	4.3131e-01	1.4928e-01	2.2032e-04	1.4739e-10	2.3449e-05	2.2365e-06	4.1913e-01	2.0993e-06	4.0701e-05	5.6332e-11	2.1811e-11	1.3807e-10	7.0242e-11	
4.1567e-03	1.0732e+03	4.3047e-01	1.4975e-01	2.1084e-04	1.4195e-10	2.2672e-05	2.1505e-06	4.1950e-01	2.0193e-06	4.0456e-05	5.6794e-11	2.1722e-11	1.3739e-10	6.9853e-11	
4.3217e-03	1.0732e+03	4.2968e-01	1.5020e-01	2.0210e-04	1.3688e-10	2.1942e-05	2.0706e-06	4.1986e-01	1.9449e-06	4.0204e-05	5.7227e-11	2.1627e-11	1.3669e-10	6.9453e-11	
4.4867e-03	1.0732e+03	4.2895e-01	1.5061e-01	1.9403e-04	1.3214e-10	2.1254e-05	1.9961e-06	4.2018e-01	1.8756e-06	3.9947e-05	5.7634e-11	2.1526e-11	1.3596e-10	6.9046e-11	
4.6517e-03	1.0732e+03	4.2826e-01	1.5100e-01	1.8655e-04	1.2770e-10	2.0605e-05	1.9266e-06	4.2049e-01	1.8108e-06	3.9685e-05	5.8015e-11	2.1420e-11	1.3522e-10	6.8633e-11	
4.8167e-03	1.0732e+03	4.2762e-01	1.5136e-01	1.7961e-04	1.2354e-10	1.9994e-05	1.8616e-06	4.2077e-01	1.7502e-06	3.9422e-05	5.8374e-11	2.1311e-11	1.3447e-10	6.8215e-11	
4.9817e-03	1.0732e+03	4.2703e-01	1.5170e-01	1.7315e-04	1.1963e-10	1.9416e-05	1.8007e-06	4.2104e-01	1.6935e-06	3.9156e-05	5.8711e-11	2.1198e-11	1.3371e-10	6.7794e-11	
5.1467e-03	1.0732e+03	4.2647e-01	1.5202e-01	1.6714e-04	1.1595e-10	1.8869e-05	1.7436e-06	4.2129e-01	1.6402e-06	3.8890e-05	5.9029e-11	2.1083e-11	1.3294e-10	6.7371e-11	
5.3117e-03	1.0732e+03	4.2594e-01	1.5231e-01	1.6152e-04	1.1249e-10	1.8352e-05	1.6899e-06	4.2153e-01	1.5901e-06	3.8625e-05	5.9329e-11	2.0967e-11	1.3217e-10	6.6949e-11	
5.4768e-03	1.0732e+03	4.2544e-01	1.5260e-01	1.5626e-04	1.0922e-10	1.7862e-05	1.6395e-06	4.2175e-01	1.5431e-06	3.8361e-05	5.9613e-11	2.0849e-11	1.3139e-10	6.6526e-11	
5.6418e-03	1.0732e+03	4.2498e-01	1.5286e-01	1.5134e-04	1.0614e-10	1.7398e-05	1.5920e-06	4.2195e-01	1.4987e-06	3.8098e-05	5.9881e-11	2.0730e-11	1.3062e-10	6.6105e-11	
5.8068e-03	1.0732e+03	4.2454e-01	1.5311e-01	1.4672e-04	1.0323e-10	1.6958e-05	1.5472e-06	4.2215e-01	1.4568e-06	3.7839e-05	6.0135e-11	2.0612e-11	1.2985e-10	6.5689e-11	
5.9718e-03	1.0732e+03	4.2412e-01	1.5335e-01	1.4239e-04	1.0048e-10	1.6539e-05	1.5049e-06	4.2233e-01	1.4174e-06	3.7582e-05	6.0375e-11	2.0493e-11	1.2908e-10	6.5274e-11	
6.0823e-03	1.0732e+03	4.2385e-01	1.5350e-01	1.3963e-04	9.8722e-11	1.6272e-05	1.4779e-06	4.2245e-01	1.3922e-06	3.7411e-05	6.0529e-11	2.0414e-11	1.2857e-10	6.4998e-11	
6.1929e-03	1.0732e+03	4.2360e-01	1.5365e-01	1.3698e-04	9.7025e-11	1.6012e-05	1.4519e-06	4.2256e-01	1.3678e-06	3.7242e-05	6.0678e-11	2.0334e-11	1.2806e-10	6.4724e-11	
6.3034e-03	1.0732e+03	4.2335e-01	1.5379e-01	1.3443e-04	9.5387e-11	1.5761e-05	1.4268e-06	4.2267e-01	1.3444e-06	3.7074e-05	6.0821e-11	2.0256e-11	1.2755e-10	6.4453e-11	
6.4140e-03	1.0732e+03	4.2312e-01	1.5392e-01	1.3199e-04	9.3807e-11	1.5519e-05	1.4027e-06	4.2278e-01	1.3219e-06	3.6908e-05	6.0960e-11	2.0177e-11	1.2705e-10	6.4184e-11	
6.5245e-03	1.0732e+03	4.2289e-01	1.5405e-01	1.2963e-04	9.2282e-11	1.5285e-05	1.3794e-06	4.2288e-01	1.3001e-06	3.6745e-05	6.1094e-11	2.0099e-11	1.2655e-10	6.3918e-11	
6.6351e-03	1.0732e+03	4.2267e-01	1.5418e-01	1.2736e-04	9.0809e-11	1.5057e-05	1.3569e-06	4.2297e-01	1.2790e-06	3.6583e-05	6.1223e-11	2.0022e-11	1.2606e-10	6.3654e-11	
6.7456e-03	1.0732e+03	4.2245e-01	1.5430e-01	1.2518e-04	8.9386e-11	1.4838e-05	1.3352e-06	4.2307e-01	1.2587e-06	3.6423e-05	6.1348e-11	1.9945e-11	1.2556e-10	6.3393e-11	
6.8561e-03	1.0732e+03	4.2225e-01	1.5442e-01	1.2308e-04	8.8011e-11	1.4625e-05	1.3142e-06	4.2316e-01	1.2392e-06	3.6265e-05	6.1469e-11	1.9869e-11	1.2508e-10	6.3135e-11	
6.9667e-03	1.0732e+03	4.2205e-01	1.5453e-01	1.2105e-04	8.6681e-11	1.4419e-05	1.2940e-06	4.2325e-01	1.2202e-06	3.6109e-05	6.1586e-11	1.9794e-11	1.2460e-10	6.2879e-11	
7.0772e-03	1.0732e+03	4.2186e-01	1.5464e-01	1.1910e-04	8.5396e-11	1.4220e-05	1.2744e-06	4.2333e-01	1.2019e-06	3.5955e-05	6.1700e-11	1.9719e-11	1.2412e-10	6.2627e-11	
7.1878e-03	1.0732e+03	4.2167e-01	1.5475e-01	1.1722e-04	8.4152e-11	1.4026e-05	1.2555e-06	4.2341e-01	1.1843e-06	3.5804e-05	6.1809e-11	1.9645e-11	1.2365e-10	6.2378e-11	
7.2983e-03	1.0732e+03	4.2149e-01	1.5485e-01	1.1540e-04	8.2949e-11	1.3839e-05	1.2373e-06	4.2349e-01	1.1672e-06	3.5654e-05	6.1915e-11	1.9572e-11	1.2318e-10	6.2131e-11	
7.5256e-03	1.0732e+03	4.2114e-01	1.5505e-01	1.1186e-04	8.0595e-11	1.3471e-05	1.2016e-06	4.2365e-01	1.1338e-06	3.5353e-05	6.2123e-11	1.9424e-11	1.2224e-10	6.1635e-11	
7.6761e-03	1.0732e+03	4.2092e-01	1.5517e-01	1.0965e-04	7.9120e-11	1.3240e-05	1.1792e-06	4.2374e-01	1.1128e-06	3.5159e-05	6.2254e-11	1.9328e-11	1.2163e-10	6.1314e-11	
7.8266e-03	1.0732e+03	4.2071e-01	1.5529e-01	1.0754e-04	7.7707e-11	1.3019e-05	1.1579e-06	4.2383e-01	1.0928e-06	3.4969e-05	6.2379e-11	1.9234e-11	1.2103e-10	6.0999e-11	
7.9772e-03	1.0732e+03	4.2051e-01	1.5541e-01	1.0552e-04	7.6353e-11	1.2806e-05	1.1374e-06	4.2392e-01	1.0737e-06	3.4783e-05	6.2499e-11	1.9141e-11	1.2045e-10	6.0690e-11	
8.1277e-03	1.0732e+03	4.2032e-01	1.5552e-01	1.0360e-04	7.5055e-11	1.2602e-05	1.1178e-06	4.2401e-01	1.0553e-06	3.4601e-05	6.2614e-11	1.9050e-11	1.1987e-10	6.0388e-11	
8.2782e-03	1.0732e+03	4.2014e-01	1.5563e-01	1.0176e-04	7.3811e-11	1.2405e-05	1.0990e-06	4.2409e-01	1.0377e-06	3.4423e-05	6.2724e-11	1.8961e-11	1.1930e-10	6.0091e-11	
8.4287e-03	1.0732e+03	4.1996e-01	1.5573e-01	9.9996e-05	7.2617e-11	1.2217e-05	1.0810e-06	4.2417e-01	1.0208e-06	3.4249e-05	6.2830e-11	1.8874e-11	1.1874e-10	5.9801e-11	
8.5792e-03	1.0732e+03	4.1979e-01	1.5582e-01	9.8310e-05	7.1471e-11	1.2035e-05	1.0637e-06	4.2424e-01	1.0047e-06	3.4079e-05	6.2932e-11	1.8788e-11	1.1820e-10	5.9517e-11	
8.8164e-03	1.0732e+03	4.1954e-01	1.5597e-01	9.5797e-05	6.9757e-11	1.1764e-05	1.0379e-06	4.2435e-01	9.8048e-07	3.3819e-05	6.3084e-11	1.8657e-11	1.1737e-10	5.9081e-11	
9.0535e-03	1.0732e+03	4.1930e-01	1.5611e-01	9.3446e-05	6.8148e-11	1.1508e-05	1.0137e-06	4.2445e-01	9.5779e-07	3.3569e-05	6.3227e-11	1.8530e-11	1.1656e-10	5.8661e-11	
9.2907e-03	1.0732e+03	4.1908e-01	1.5623e-01	9.1245e-05	6.6637e-11	1.1267e-05	9.9099e-07	4.2455e-01	9.3650e-07	3.3328e-05	6.3362e-11	1.8407e-11	1.1578e-10	5.8256e-11	
9.5278e-03	1.0732e+03	4.1887e-01	1.5635e-01	8.9182e-05	6.5215e-11	1.1041e-05	9.6965e-07	4.2464e-01	9.1648e-07	3.3096e-05	6.3488e-11	1.8289e-11	1.1503e-10	5.7866e-11	
9.7650e-03	1.0732e+03	4.1867e-01	1.5647e-01	8.7246e-05	6.3877e-11	1.0827e-05	9.4957e-07	4.2473e-01	8.9766e-07	3.2874e-05	6.3608e-11	1.8175e-11	1.1430e-10	5.7490e-11	
1.0002e-02	1.0732e+03	4.1849e-01	1.5657e-01	8.5428e-05	6.2616e-11	1.0625e-05	9.3068e-07	4.2481e-01	8.7994e-07	3.2660e-05	6.3720e-11	1.8065e-11	1.1360e-10	5.7128e-11	
1.0239e-02	1.0732e+03	4.1831e-01	1.5667e-01	8.3719e-05	6.1428e-11	1.0434e-05	9.1289e-07	4.2489e-01	8.6326e-07	3.2454e-05	6.3826e-11	1.7959e-11	1.1292e-10	5.6779e-11	
1.0603e-02	1.0732e+03	4.1806e-01	1.5682e-01	8.1292e-05	5.9735e-11	1.0162e-05	8.8755e-07	4.2499e-01	8.3949e-07	3.2155e-05	6.3977e-11	1.7804e-11	1.1194e-10	5.6271e-11	
1.0967e-02	1.0732e+03	4.1784e-01	1.5695e-01	7.9077e-05	5.8185e-11	9.9128e-06	8.6438e-07	4.2509e-01	8.1774e-07	3.1874e-05	6.4116e-11	1.7658e-11	1.1101e-10	5.5792e-11	
1.1331e-02	1.0732e+03	4.1763e-01	1.5707e-01	7.7054e-05	5.6765e-11	9.6835e-06	8.4316e-07	4.2518e-01	7.9783e-07	3.1610e-05	6.4243e-11	1.7521e-11	1.1014e-10	5.5343e-11	
1.1695e-02	1.0732e+03	4.1744e-01	1.5718e-01	7.5203e-05	5.5461e-11	9.4727e-06	8.2369e-07	4.2527e-01	7.7956e-07	3.1363e-05	6.4360e-11	1.7392e-11	1.0931e-10	5.4920e-11	
1.2059e-02	1.0732e+03	4.1726e-01	1.5728e-01	7.3506e-05	5.4262e-11	9.2786e-06	8.0582e-07	4.2534e-01	7.6278e-07	3.1132e-05	6.4467e-11	1.7271e-11	1.0854e-10	5.4524e-11	
1.2423e-02	1.0732e+03	4.1710e-01	1.5737e-01	7.1949e-05	5.3160e-11	9.0998e-06	7.8939e-07	4.2541e-01	7.4735e-07	3.0915e-05	6.4566e-11	1.7157e-11	1.0781e-10	5.4152e-11	
1.2787e-02	1.0732e+03	4.1695e-01	1.5746e-01	7.0519e-05	5.2145e-11	8.9349e-06	7.7427e-07	4.2548e-01	7.3315e-07	3.0712e-05	6.4657e-11	1.7051e-11	1.0713e-10	5.3804e-11	
1.3151e-02	1.0732e+03	4.1682e-01	1.5753e-01	6.9204e-05	5.1209e-11	8.7828e-06	7.6034e-07	4.2554e-01	7.2008e-07	3.0522e-05	6.4741e-11	1.6951e-11	1.0649e-10	5.3477e-11	
1.3514e-02	1.0732e+03	4.1669e-01	1.5761e-01	6.7993e-05	5.0346e-11	8.6422e-06	7.4750e-07	4.2559e-01	7.0801e-07	3.0345e-05	6.4819e-11	1.6857e-11	1.0590e-10	5.3171e-11	
1.4221e-02	1.0732e+03	4.1648e-01	1.5773e-01	6.5905e-05	4.8854e-11	8.3989e-06	7.2532e-07	4.2569e-01	6.8718e-07	3.0032e-05	6.4953e-11	1.6692e-11	1.0484e-10	5.2632e-11	
1.4928e-02	1.0732e+03	4.1629e-01	1.5784e-01	6.4118e-05	4.7573e-11	8.1896e-06	7.0629e-07	4.2577e-01	6.6930e-07	2.9758e-05	6.5068e-11	1.6547e-11	1.0391e-10	5.2158e-11	
1.5415e-02	1.0732e+03	4.1618e-01	1.5791e-01	6.3035e-05	4.6795e-11	8.0623e-06	6.9474e-07	4.2582e-01	6.5845e-07	2.9588e-05	6.5138e-11	1.6457e-11	1.0333e-10	5.1865e-11	
1.5903e-02	1.0732e+03	4.1607e-01	1.5796e-01	6.2060e-05	4.6093e-11	7.9473e-06	6.8432e-07	4.2586e-01	6.4866e-07	2.9434e-05	6.5201e-11	1.6375e-11	1.0281e-10	5.1597e-11	
1.6390e-02	1.0732e+03	4.1598e-01	1.5802e-01	6.1180e-05	4.5459e-11	7.8433e-06	6.7492e-07	4.2590e-01	6.3981e-07	2.9293e-05	6.5258e-11	1.6300e-11	1.0232e-10	5.1352e-11	
1.6878e-02	1.0732e+03	4.1590e-01	1.5807e-01	6.0384e-05	4.4886e-11	7.7492e-06	6.6641e-07	4.2594e-01	6.3181e-07	2.9164e-05	6.5310e-11	1.6231e-11	1.0188e-10	5.1129e-11	
1.7365e-02	1.0732e+03	4.1582e-01	1.5811e-01	5.9666e-05	4.4367e-11	7.6640e-06	6.5871e-07	4.2597e-01	6.2458e-07	2.9047e-05	6.5357e-11	1.6168e-11	1.0148e-10	5.0924e-11	
1.7853e-02	1.0732e+03	4.1576e-01	1.5815e-01	5.9017e-05	4.3897e-11	7.5868e-06	6.5176e-07	4.2600e-01	6.1804e-07	2.8939e-05	6.5399e-11	1.6111e-11	1.0111e-10	5.0738e-11	
1.8341e-02	1.0732e+03	4.1569e-01	1.5818e-01	5.8429e-05	4.3472e-11	7.5168e-06	6.4545e-07	4.2603e-01	6.1211e-07	2.8842e-05	6.5438e-11	1.6059e-11	1.0078e-10	5.0568e-11	
1.8828e-02	1.0732e+03	4.1564e-01	1.5822e-01	5.7896e-05	4.3086e-11	7.4534e-06	6.3973e-07	4.2605e-01	6.0674e-07	2.8752e-05	6.5472e-11	1.6011e-11	1.0047e-10	5.0413e-11	
1.9316e-02	1.0732e+03	4.1559e-01	1.5825e-01	5.7414e-05	4.2736e-11	7.3958e-06	6.3456e-07	4.2607e-01	6.0187e-07	2.8671e-05	6.5504e-11	1.5968e-11	1.0019e-10	5.0271e-11	
1.9803e-02	1.0732e+03	4.1554e-01	1.5827e-01	5.6977e-05	4.2419e-11	7.3436e-06	6.2986e-07	4.2609e-01	5.9745e-07	2.8597e-05	6.5533e-11	1.5928e-11	9.9937e-11	5.0141e-11	
2.0291e-02	1.0732e+03	4.1550e-01	1.5830e-01	5.6580e-05	4.2131e-11	7.2961e-06	6.2559e-07	4.2611e-01	5.9344e-07	2.8529e-05	6.5559e-11	1.5892e-11	9.9705e-11	5.0023e-11	
2.1161e-02	1.0732e+03	4.1544e-01	1.5833e-01	5.5961e-05	4.1681e-11	7.2219e-06	6.1893e-07	4.2614e-01	5.8718e-07	2.8423e-05	6.5599e-11	1.5835e-11	9.9338e-11	4.9838e-11	
2.1763e-02	1.0732e+03	4.1540e-01	1.5836e-01	5.5590e-05	4.1412e-11	7.1776e-06	6.1495e-07	4.2616e-01	5.8343e-07	2.8359e-05	6.5623e-11	1.5801e-11	9.9118e-11	4.9726e-11	
2.2365e-02	1.0732e+03	4.1536e-01	1.5838e-01	5.5262e-05	4.1173e-11	7.1381e-06	6.1141e-07	4.2617e-01	5.8010e-07	2.8302e-05	6.5645e-11	1.5770e-11	9.8921e-11	4.9627e-11	
2.2968e-02	1.0732e+03	4.1533e-01	1.5839e-01	5.4970e-05	4.0960e-11	7.1030e-06	6.0826e-07	4.2618e-01	5.7714e-07	2.8251e-05	6.5664e-11	1.5743e-11	9.8745e-11	4.9538e-11	
2.3570e-02	1.0732e+03	4.1530e-01	1.5841e-01	5.4710e-05	4.0771e-11	7.0718e-06	6.0547e-07	4.2620e-01	5.7451e-07	2.8205e-05	6.5681e-11	1.5718e-11	9.8588e-11	4.9458e-11	
2.4172e-02	1.0732e+03	4.1528e-01	1.5842e-01	5.4479e-05	4.0603e-11	7.0440e-06	6.0298e-07	4.2621e-01	5.7217e-07	2.8165e-05	6.5696e-11	1.5696e-11	9.8448e-11	4.9387e-11	
2.4774e-02	1.0732e+03	4.1526e-01	1.5844e-01	5.4274e-05	4.0453e-11	7.0193e-06	6.0077e-07	4.2622e-01	5.7009e-07	2.8129e-05	6.5710e-11	1.5677e-11	9.8323e-11	4.9324e-11	
2.5376e-02	1.0732e+03	4.1524e-01	1.5845e-01	5.4091e-05	4.0320e-11	6.9973e-06	5.9880e-07	4.2622e-01	5.6824e-07	2.8097e-05	6.5722e-11	1.5660e-11	9.8212e-11	4.9268e-11	
2.5978e-02	1.0732e+03	4.1522e-01	1.5846e-01	5.3928e-05	4.0201e-11	6.9777e-06	5.9704e-07	4.2623e-01	5.6659e-07	2.8068e-05	6.5733e-11	1.5644e-11	9.8112e-11	4.9218e-11	
2.6581e-02	1.0732e+03	4.1521e-01	1.5847e-01	5.3783e-05	4.0095e-11	6.9602e-06	5.9548e-07	4.2624e-01	5.6512e-07	2.8042e-05	6.5742e-11	1.5630e-11	9.8024e-11	4.9173e-11	
2.7183e-02	1.0732e+03	4.1519e-01	1.5847e-01	5.3655e-05	4.0001e-11	6.9447e-06	5.9409e-07	4.2624e-01	5.6381e-07	2.8019e-05	6.5751e-11	1.5618e-11	9.7944e-11	4.9133e-11	
2.7785e-02	1.0732e+03	4.1518e-01	1.5848e-01	5.3540e-05	3.9918e-11	6.9309e-06	5.9285e-07	4.2625e-01	5.6265e-07	2.7999e-05	6.5758e-11	1.5607e-11	9.7874e-11	4.9097e-11	
2.8387e-02	1.0732e+03	4.1517e-01	1.5849e-01	5.3437e-05	3.9843e-11	6.9185e-06	5.9174e-07	4.2625e-01	5.6161e-07	2.7981e-05	6.5765e-11	1.5597e-11	9.7811e-11	4.9065e-11	
2.8989e-02	1.0732e+03	4.1516e-01	1.5849e-01	5.3346e-05	3.9776e-11	6.9075e-06	5.9076e-07	4.2626e-01	5.6068e-07	2.7964e-05	6.5771e-11	1.5589e-11	9.7754e-11	4.9037e-11	
2.9944e-02	1.0732e+03	4.1515e-01	1.5850e-01	5.3222e-05	3.9686e-11	6.8925e-06	5.8942e-07	4.2626e-01	5.5942e-07	2.7942e-05	6.5779e-11	1.5577e-11	9.7677e-11	4.8998e-11	
3.0899e-02	1.0732e+03	4.1514e-01	1.5851e-01	5.3118e-05	3.9610e-11	6.8800e-06	5.8830e-07	4.2627e-01	5.5837e-07	2.7924e-05	6.5786e-11	1.5567e-11	9.7613e-11	4.8965e-11	
3.1853e-02	1.0732e+03	4.1513e-01	1.5851e-01	5.3032e-05	3.9547e-11	6.8696e-06	5.8737e-07	4.2627e-01	5.5749e-07	2.7908e-05	6.5792e-11	1.5558e-11	9.7559e-11	4.8938e-11	
3.2808e-02	1.0732e+03	4.1512e-01	1.5852e-01	5.2960e-05	3.9494e-11	6.8609e-06	5.8659e-07	4.2628e-01	5.5676e-07	2.7895e-05	6.5796e-11	1.5551e-11	9.7515e-11	4.8916e-11	
3.3763e-02	1.0732e+03	4.1511e-01	1.5852e-01	5.2899e-05	3.9450e-11	6.8536e-06	5.8594e-07	4.2628e-01	5.5614e-07	2.7884e-05	6.5801e-11	1.5546e-11	9.7477e-11	4.8897e-11	
3.4717e-02	1.0732e+03	4.1511e-01	1.5852e-01	5.2849e-05	3.9414e-11	6.8475e-06	5.8540e-07	4.2628e-01	5.5564e-07	2.7875e-05	6.5804e-11	1.5541e-11	9.7446e-11	4.8881e-11	
3.5672e-02	1.0732e+03	4.1510e-01	1.5853e-01	5.2808e-05	3.9383e-11	6.8425e-06	5.8495e-07	4.2628e-01	5.5521e-07	2.7868e-05	6.5807e-11	1.5537e-11	9.7420e-11	4.8868e-11	
3.6627e-02	1.0732e+03	4.1510e-01	1.5853e-01	5.2773e-05	3.9358e-11	6.8383e-06	5.8457e-07	4.2628e-01	5.5486e-07	2.7862e-05	6.5809e-11	1.5533e-11	9.7399e-11	4.8857e-11	
3.7582e-02	1.0732e+03	4.1510e-01	1.5853e-01	5.2744e-05	3.9337e-11	6.8348e-06	5.8426e-07	4.2629e-01	5.5457e-07	2.7856e-05	6.5811e-11	1.5531e-11	9.7381e-11	4.8848e-11	
3.8536e-02	1.0732e+03	4.1509e-01	1.5853e-01	5.2720e-05	3.9319e-11	6.8319e-06	5.8400e-07	4.2629e-01	5.5432e-07	2.7852e-05	6.5812e-11	1.5528e-11	9.7366e-11	4.8840e-11	
3.9491e-02	1.0732e+03	4.1509e-01	1.5853e-01	5.2700e-05	3.9304e-11	6.8294e-06	5.8378e-07	4.2629e-01	5.5411e-07	2.7849e-05	6.5814e-11	1.5526e-11	9.7353e-11	4.8834e-11	
4.0996e-02	1.0732e+03	4.1509e-01	1.5853e-01	5.2675e-05	3.9286e-11	6.8264e-06	5.8351e-07	4.2629e-01	5.5386e-07	2.7844e-05	6.5815e-11	1.5524e-11	9.7337e-11	4.8826e-11	
4.2500e-02	1.0732e+03	4.1509e-01	1.5854e-01	5.2655e-05	3.9272e-11	6.8241e-06	5.8331e-07	4.2629e-01	5.5367e-07	2.7841e-05	6.5817e-11	1.5522e-11	9.7325e-11	4.8820e-11	
4.4005e-02	1.0732e+03	4.1509e-01	1.5854e-01	5.2641e-05	3.9262e-11	6.8224e-06	5.8315e-07	4.2629e-01	5.5352e-07	2.7838e-05	6.5818e-11	1.5521e-11	9.7317e-11	4.8815e-11	
4.5509e-02	1.0732e+03	4.1508e-01	1.5854e-01	5.2631e-05	3.9254e-11	6.8211e-06	5.8304e-07	4.2629e-01	5.5341e-07	2.7836e-05	6.5818e-11	1.5520e-11	9.7310e-11	4.8812e-11	
4.7014e-02	1.0732e+03	4.1508e-01	1.5854e-01	5.2623e-05	3.9248e-11	6.8201e-06	5.8295e-07	4.2629e-01	5.5333e-07	2.7835e-05	6.5819e-11	1.5519e-11	9.7305e-11	4.8810e-11	
4.8519e-02	1.0732e+03	4.1508e-01	1.5854e-01	5.2617e-05	3.9244e-11	6.8194e-06	5.8288e-07	4.2629e-01	5.5327e-07	2.7834e-05	6.5819e-11	1.5518e-11	9.7301e-11	4.8808e-11	
5.0023e-02	1.0732e+03	4.1508e-01	1.5854e-01	5.2612e-05	3.9240e-11	6.8189e-06	5.8284e-07	4.2629e-01	5.5323e-07	2.7833e-05	6.5820e-11	1.5518e-11	9.7298e-11	4.8806e-11	
5.2404e-02	1.0732e+03	4.1508e-01	1.5854e-01	5.2607e-05	3.9237e-11	6.8183e-06	5.8278e-07	4.2629e-01	5.5317e-07	2.7832e-05	6.5820e-11	1.5517e-11	9.7295e-11	4.8805e-11	
5.4784e-02	1.0732e+03	4.1508e-01	1.5854e-01	5.2604e-05	3.9234e-11	6.8179e-06	5.8275e-07	4.2629e-01	5.5314e-07	2.7831e-05	6.5820e-11	1.5517e-11	9.7293e-11	4.8804e-11	
5.7164e-02	1.0732e+03	4.1508e-01	1.5854e-01	5.2602e-05	3.9233e-11	6.8176e-06	5.8273e-07	4.2629e-01	5.5312e-07	2.7831e-05	6.5820e-11	1.5517e-11	9.7292e-11	4.8803e-11	
5.9545e-02	1.0732e+03	4.1508e-01	1.5854e-01	5.2601e-05	3.9232e-11	6.8175e-06	5.8271e-07	4.2629e-01	5.5311e-07	2.7831e-05	6.5820e-11	1.5517e-11	9.7291e-11	4.8803e-11	
6.1925e-02	1.0732e+03	4.1508e-01	1.5854e-01	5.2600e-05	3.9231e-11	6.8174e-06	5.8270e-07	4.2629e-01	5.5310e-07	2.7831e-05	6.5820e-11	1.5517e-11	9.7291e-11	4.8802e-11	
6.4305e-02	1.0732e+03	4.1508e-01	1.5854e-01	5.2599e-05	3.9231e-11	6.8173e-06	5.8270e-07	4.2629e-01	5.5310e-07	2.7830e-05	6.5820e-11	1.5517e-11	9.7290e-11	4.8802e-11	
6.8055e-02	1.0732e+03	4.1508e-01	1.5854e-01	5.2599e-05	3.9231e-11	6.8173e-06	5.8269e-07	4.2629e-01	5.5309e-07	2.7830e-05	6.5820e-11	1.5517e-11	9.7290e-11	4.8802e-11	
7.1804e-02	1.0732e+03	4.1508e-01	1.5854e-01	5.2599e-05	3.9231e-11	6.8172e-06	5.8269e-07	4.2629e-01	5.5309e-07	2.7830e-05	6.5820e-11	1.5517e-11	9.7290e-11	4.8802e-11	
7.5554e-02	1.0732e+03	4.1508e-01	1.5854e-01	5.2598e-05	3.9230e-11	6.8172e-06	5.8269e-07	4.2629e-01	5.5309e-07	2.7830e-05	6.5820e-11	1.5517e-11	9.7290e-11	4.8802e-11	
7.9303e-02	1.0732e+03	4.1508e-01	1.5854e-01	5.2598e-05	3.9230e-11	6.8172e-06	5.8269e-07	4.2629e-01	5.5309e-07	2.7830e-05	6.5820e-11	1.5516e-11	9.7290e-11	4.8802e-11	
8.3053e-02	1.0732e+03	4.1508e-01	1.5854e-01	5.2599e-05	3.9230e-11	6.8172e-06	5.8269e-07	4.2629e-01	5.5309e-07	2.7830e-05	6.5820e-11	1.5517e-11	9.7290e-11	4.8802e-11	
8.6802e-02	1.0732e+03	4.1508e-01	1.5854e-01	5.2598e-05	3.9230e-11	6.8172e-06	5.8269e-07	4.2629e-01	5.5309e-07	2.7830e-05	6.5820e-11	1.5517e-11	9.7290e-11	4.8802e-11	
9.0551e-02	1.0732e+03	4.1508e-01	1.5854e-01	5.2598e-05	3.9230e-11	6.8172e-06	5.8269e-07	4.2629e-01	5.5309e-07	2.7830e-05	6.5820e-11	1.5517e-11	9.7290e-11	4.8802e-11	
9.4301e-02	1.0732e+03	4.1508e-01	1.5854e-01	5.2599e-05	3.9230e-11	6.8172e-06	5.8269e-07	4.2629e-01	5.5309e-07	2.7830e-05	6.5820e-11	1.5516e-11	9.7290e-11	4.8802e-11	
9.8050e-02	1.0732e+03	4.1508e-01	1.5854e-01	5.2598e-05	3.9230e-11	6.8172e-06	5.8269e-07	4.2629e-01	5.5309e-07	2.7830e-05	6.5820e-11	1.5517e-11	9.7290e-11	4.8802e-11	
1.0180e-01	1.0732e+03	4.1508e-01	1.5854e-01	5.2598e-05	3.9230e-11	6.8172e-06	5.8269e-07	4.2629e-01	5.5309e-07	2.7830e-05	6.5820e-11	1.5517e-11	9.7290e-11	4.8802e-11	
1.0555e-01	1.0732e+03	4.1508e-01	1.5854e-01	5.2598e-05	3.9230e-11	6.8172e-06	5.8269e-07	4.2629e-01	5.5309e-07	2.7830e-05	6.5820e-11	1.5517e-11	9.7290e-11	4.8802e-11	
1.0930e-01	1.0732e+03	4.1508e-01	1.5854e-01	5.2599e-05	3.9230e-11	6.8172e-06	5.8269e-07	4.2629e-01	5.5309e-07	2.7830e-05	6.5820e-11	1.5517e-11	9.7290e-11	4.8802e-11	
1.1305e-01	1.0732e+03	4.1508e-01	1.5854e-01	5.2598e-05	3.9230e-11	6.8172e-06	5.8269e-07	4.2629e-01	5.5309e-07	2.7830e-05	6.5820e-11	1.5517e-11	9.7290e-11	4.8802e-11	
1.1680e-01	1.0732e+03	4.1508e-01	1.5854e-01	5.2598e-05	3.9230e-11	6.8172e-06	5.8269e-07	4.2629e-01	5.5309e-07	2.7830e-05	6.5820e-11	1.5517e-11	9.7290e-11	4.8802e-11	
1.2055e-01	1.0732e+03	4.1508e-01	1.5854e-01	5.2598e-05	3.9230e-11	6.8172e-06	5.8269e-07	4.2629e-01	5.5309e-07	2.7830e-05	6.5820e-11	1.5517e-11	9.7290e-11	4.8802e-11	
1.2622e-01	1.0732e+03	4.1508e-01	1.5854e-01	5.2598e-05	3.9230e-11	6.8172e-06	5.8269e-07	4.2629e-01	5.5309e-07	2.7830e-05	6.5820e-11	1.5517e-11	9.7290e-11	4.8802e-11	
1.3190e-01	1.0732e+03	4.1508e-01	1.5854e-01	5.2599e-05	3.9230e-11	6.8172e-06	5.8269e-07	4.2629e-01	5.5309e-07	2.7830e-05	6.5820e-11	1.5517e-11	9.7290e-11	4.8802e-11	
1.3757e-01	1.0732e+03	4.1508e-01	1.5854e-01	5.2598e-05	3.9230e-11	6.8172e-06	5.8269e-07	4.2629e-01	5.5309e-07	2.7830e-05	6.5820e-11	1.5517e-11	9.7290e-11	4.8802e-11	
1.4325e-01	1.0732e+03	4.1508e-01	1.5854e-01	5.2598e-05	3.9230e-11	6.8172e-06	5.8269e-07	4.2629e-01	5.5309e-07	2.7830e-05	6.5820e-11	1.5517e-11	9.7290e-11	4.8802e-11	
1.5246e-01	1.0732e+03	4.1508e-01	1.5854e-01	5.2598e-05	3.9230e-11	6.8172e-06	5.8269e-07	4.2629e-01	5.5309e-07	2.7830e-05	6.5820e-11	1.5517e-11	9.7290e-11	4.8802e-11	
1.6168e-01	1.0732e+03	4.1508e-01	1.5854e-01	5.2598e-05	3.9230e-11	6.8172e-06	5.8269e-07	4.2629e-01	5.5309e-07	2.7830e-05	6.5820e-11	1.5517e-11	9.7290e-11	4.8802e-11	
1.7090e-01	1.0732e+03	4.1508e-01	1.5854e-01	5.2598e-05	3.9230e-11	6.8172e-06	5.8269e-07	4.2629e-01	5.5309e-07	2.7830e-05	6.5820e-11	1.5517e-11	9.7290e-11	4.8802e-11	
1.8651e-01	1.0732e+03	4.1508e-01	1.5854e-01	5.2598e-05	3.9230e-11	6.8172e-06	5.8269e-07	4.2629e-01	5.5309e-07	2.7830e-05	6.5820e-11	1.5517e-11	9.7290e-11	4.8802e-11	
2.0212e-01	1.0732e+03	4.1508e-01	1.5854e-01	5.2598e-05	3.9230e-11	6.8172e-06	5.8269e-07	4.2629e-01	5.5309e-07	2.7830e-05	6.5820e-11	1.5517e-11	9.7290e-11	4.8802e-11	
2.1773e-01	1.0732e+03	4.1508e-01	1.5854e-01	5.2598e-05	3.9230e-11	6.8172e-06	5.8269e-07	4.2629e-01	5.5309e-07	2.7830e-05	6.5820e-11	1.5517e-11	9.7290e-11	4.8802e-11	
2.3334e-01	1.0732e+03	4.1508e-01	1.5854e-01	5.2598e-05	3.9230e-11	6.8172e-06	5.8269e-07	4.2629e-01	5.5309e-07	2.7830e-05	6.5820e-11	1.5517e-11	9.7290e-11	4.8802e-11	
2.5792e-01	1.0732e+03	4.1508e-01	1.5854e-01	5.2598e-05	3.9230e-11	6.8172e-06	5.8269e-07	4.2629e-01	5.5309e-07	2.7830e-05	6.5820e-11	1.5517e-11	9.7290e-11	4.8802e-11	
2.8250e-01	1.0732e+03	4.1508e-01	1.5854e-01	5.2598e-05	3.9230e-11	6.8172e-06	5.8269e-07	4.2629e-01	5.5309e-07	2.7830e-05	6.5820e-11	1.5517e-11	9.7290e-11	4.8802e-11	
3.0000e-01	1.0732e+03	4.1508e-01	1.5854e-01	5.2598e-05	3.9230e-11	6.8172e-06	5.8269e-07	4.2629e-01	5.5309e-07	2.7830e-05	6.5820e-11	1.5517e-11	9.7290e-11	4.8802e-11	
