         t	         T	         p	       rho	        H2	        O2	       H2O	         H	         O	        OH	       HO2	      H2O2	        N2	
0.0000e+00	1.0732e+03	1.0000e+05	2.5228e-01	2.5000e-01	2.5000e-01	0.0000e+00	0.0000e+00	0.0000e+00	0.0000e+00	0.0000e+00	0.0000e+00	5.0000e-01	
7.7981e-10	1.0732e+03	1.0000e+05	2.5228e-01	2.5000e-01	2.5000e-01	0.0000e+00	1.5159e-13	9.1687e-22	3.4556e-12	1.5159e-13	0.0000e+00	5.0000e-01	
6.3562e-08	1.0732e+03	1.0000e+05	2.5228e-01	2.5000e-01	2.5000e-01	6.9746e-11	8.3810e-11	1.0499e-12	2.1307e-10	9.5975e-12	5.9281e-17	5.0000e-01	
1.8474e-07	1.0732e+03	1.0000e+05	2.5228e-01	2.5000e-01	2.5000e-01	2.0435e-10	2.4527e-10	3.0765e-12	6.1773e-10	2.7831e-11	1.7368e-16	5.0000e-01	
3.0593e-07	1.0732e+03	1.0000e+05	2.5228e-01	2.5000e-01	2.5000e-01	6.7890e-10	7.4731e-10	1.5846e-11	6.9497e-10	3.4671e-11	5.9787e-16	5.0000e-01	
6.5058e-07	1.0732e+03	1.0000e+05	2.5228e-01	2.5000e-01	2.5000e-01	2.0805e-09	2.1604e-09	1.0826e-10	9.5765e-10	6.4745e-11	2.3045e-15	5.0000e-01	
9.9523e-07	1.0732e+03	1.0000e+05	2.5228e-01	2.5000e-01	2.5000e-01	4.1312e-09	4.1665e-09	2.6834e-10	6.7983e-10	8.3291e-11	5.0146e-15	5.0000e-01	
1.3399e-06	1.0732e+03	1.0000e+05	2.5228e-01	2.5000e-01	2.5000e-01	5.8472e-09	5.7418e-09	5.0246e-10	9.6040e-10	1.2382e-10	8.6930e-15	5.0000e-01	
1.6845e-06	1.0732e+03	1.0000e+05	2.5228e-01	2.5000e-01	2.5000e-01	7.8327e-09	7.5368e-09	7.8842e-10	1.1801e-09	1.6241e-10	1.3588e-14	5.0000e-01	
2.3354e-06	1.0732e+03	1.0000e+05	2.5228e-01	2.5000e-01	2.5000e-01	1.2293e-08	1.1486e-08	1.4768e-09	1.4767e-09	2.3842e-10	2.6150e-14	5.0000e-01	
2.9864e-06	1.0732e+03	1.0000e+05	2.5228e-01	2.5000e-01	2.5000e-01	1.8026e-08	1.6533e-08	2.3242e-09	1.7968e-09	3.3022e-10	4.5057e-14	5.0000e-01	
3.6373e-06	1.0732e+03	1.0000e+05	2.5228e-01	2.5000e-01	2.5000e-01	2.4618e-08	2.2222e-08	3.3753e-09	2.1885e-09	4.3577e-10	6.8895e-14	5.0000e-01	
4.7261e-06	1.0732e+03	1.0000e+05	2.5228e-01	2.5000e-01	2.5000e-01	3.9755e-08	3.5197e-08	5.7180e-09	3.0413e-09	6.7612e-10	1.2993e-13	5.0000e-01	
5.8149e-06	1.0732e+03	1.0000e+05	2.5228e-01	2.5000e-01	2.5000e-01	5.9599e-08	5.2077e-08	8.7939e-09	4.1701e-09	9.8878e-10	2.1561e-13	5.0000e-01	
6.9037e-06	1.0732e+03	1.0000e+05	2.5228e-01	2.5000e-01	2.5000e-01	8.8026e-08	7.6099e-08	1.3174e-08	5.7647e-09	1.4341e-09	3.4630e-13	5.0000e-01	
7.9925e-06	1.0732e+03	1.0000e+05	2.5228e-01	2.5000e-01	2.5000e-01	1.2707e-07	1.0896e-07	1.9172e-08	7.9743e-09	2.0425e-09	5.3238e-13	5.0000e-01	
9.0813e-06	1.0732e+03	1.0000e+05	2.5228e-01	2.5000e-01	2.5000e-01	1.8183e-07	1.5490e-07	2.7558e-08	1.1040e-08	2.8934e-09	8.0053e-13	5.0000e-01	
1.0170e-05	1.0732e+03	1.0000e+05	2.5228e-01	2.5000e-01	2.5000e-01	2.5462e-07	2.1586e-07	3.8676e-08	1.5125e-08	4.0225e-09	1.1626e-12	5.0000e-01	
1.1259e-05	1.0732e+03	1.0000e+05	2.5228e-01	2.5000e-01	2.5000e-01	3.5616e-07	3.0076e-07	5.4170e-08	2.0768e-08	5.5954e-09	1.6755e-12	5.0000e-01	
1.1947e-05	1.0732e+03	1.0000e+05	2.5228e-01	2.5000e-01	2.5000e-01	4.4146e-07	3.7201e-07	6.7166e-08	2.5549e-08	6.9148e-09	2.1100e-12	5.0000e-01	
1.2636e-05	1.0732e+03	1.0000e+05	2.5228e-01	2.5000e-01	2.5000e-01	5.4252e-07	4.5637e-07	8.2552e-08	3.1210e-08	8.4770e-09	2.6267e-12	5.0000e-01	
1.3324e-05	1.0732e+03	1.0000e+05	2.5228e-01	2.5000e-01	2.5000e-01	6.6669e-07	5.5998e-07	1.0145e-07	3.8102e-08	1.0396e-08	3.2646e-12	5.0000e-01	
1.4012e-05	1.0732e+03	1.0000e+05	2.5228e-01	2.5000e-01	2.5000e-01	8.1832e-07	6.8645e-07	1.2453e-07	4.6567e-08	1.2738e-08	4.0464e-12	5.0000e-01	
1.4701e-05	1.0732e+03	1.0000e+05	2.5228e-01	2.5000e-01	2.5000e-01	1.0047e-06	8.4183e-07	1.5287e-07	5.6953e-08	1.5615e-08	5.0103e-12	5.0000e-01	
1.5389e-05	1.0732e+03	1.0000e+05	2.5228e-01	2.5000e-01	2.5000e-01	1.2300e-06	1.0296e-06	1.8712e-07	6.9517e-08	1.9092e-08	6.1784e-12	5.0000e-01	
1.6077e-05	1.0732e+03	1.0000e+05	2.5228e-01	2.5000e-01	2.5000e-01	1.5065e-06	1.2600e-06	2.2916e-07	8.4894e-08	2.3359e-08	7.6161e-12	5.0000e-01	
1.6765e-05	1.0732e+03	1.0000e+05	2.5228e-01	2.5000e-01	2.5000e-01	1.8443e-06	1.5415e-06	2.8051e-07	1.0372e-07	2.8569e-08	9.3767e-12	5.0000e-01	
1.7454e-05	1.0732e+03	1.0000e+05	2.5228e-01	2.5000e-01	2.5000e-01	2.2569e-06	1.8852e-06	3.4322e-07	1.2670e-07	3.4931e-08	1.1532e-11	5.0000e-01	
1.7884e-05	1.0732e+03	1.0000e+05	2.5228e-01	2.5000e-01	2.5000e-01	2.5629e-06	2.1400e-06	3.8970e-07	1.4374e-07	3.9647e-08	1.3134e-11	5.0000e-01	
1.8315e-05	1.0732e+03	1.0000e+05	2.5228e-01	2.5000e-01	2.5000e-01	2.9062e-06	2.4259e-06	4.4186e-07	1.6288e-07	4.4937e-08	1.4934e-11	5.0000e-01	
1.8746e-05	1.0732e+03	1.0000e+05	2.5228e-01	2.5000e-01	2.5000e-01	3.2959e-06	2.7504e-06	5.0105e-07	1.8455e-07	5.0942e-08	1.6980e-11	5.0000e-01	
1.9176e-05	1.0732e+03	1.0000e+05	2.5228e-01	2.4999e-01	2.5000e-01	3.7374e-06	3.1180e-06	5.6811e-07	2.0914e-07	5.7742e-08	1.9302e-11	5.0000e-01	
1.9607e-05	1.0732e+03	1.0000e+05	2.5228e-01	2.4999e-01	2.5000e-01	4.2376e-06	3.5346e-06	6.4410e-07	2.3700e-07	6.5445e-08	2.1938e-11	5.0000e-01	
2.0038e-05	1.0732e+03	1.0000e+05	2.5228e-01	2.4999e-01	2.5000e-01	4.8046e-06	4.0065e-06	7.3019e-07	2.6857e-07	7.4173e-08	2.4931e-11	5.0000e-01	
2.0468e-05	1.0732e+03	1.0000e+05	2.5228e-01	2.4999e-01	2.5000e-01	5.4481e-06	4.5422e-06	8.2791e-07	3.0440e-07	8.4075e-08	2.8337e-11	5.0000e-01	
2.0899e-05	1.0732e+03	1.0000e+05	2.5228e-01	2.4999e-01	2.5000e-01	6.1751e-06	5.1473e-06	9.3830e-07	3.4489e-07	9.5259e-08	3.2193e-11	5.0000e-01	
2.1330e-05	1.0732e+03	1.0000e+05	2.5228e-01	2.4999e-01	2.5000e-01	7.0002e-06	5.8338e-06	1.0635e-06	3.9081e-07	1.0794e-07	3.6580e-11	5.0000e-01	
2.1760e-05	1.0732e+03	1.0000e+05	2.5228e-01	2.4999e-01	2.5000e-01	7.9351e-06	6.6117e-06	1.2055e-06	4.4288e-07	1.2231e-07	4.1567e-11	5.0000e-01	
2.2191e-05	1.0732e+03	1.0000e+05	2.5228e-01	2.4999e-01	2.4999e-01	8.9946e-06	7.4932e-06	1.3663e-06	5.0188e-07	1.3859e-07	4.7236e-11	5.0000e-01	
2.2622e-05	1.0732e+03	1.0000e+05	2.5228e-01	2.4999e-01	2.4999e-01	1.0195e-05	8.4919e-06	1.5485e-06	5.6874e-07	1.5702e-07	5.3684e-11	5.0000e-01	
2.3052e-05	1.0732e+03	1.0000e+05	2.5228e-01	2.4998e-01	2.4999e-01	1.1556e-05	9.6234e-06	1.7549e-06	6.4451e-07	1.7789e-07	6.1021e-11	5.0000e-01	
2.3483e-05	1.0732e+03	1.0000e+05	2.5228e-01	2.4998e-01	2.4999e-01	1.3098e-05	1.0905e-05	1.9888e-06	7.3039e-07	2.0152e-07	6.9373e-11	5.0000e-01	
2.3914e-05	1.0732e+03	1.0000e+05	2.5228e-01	2.4998e-01	2.4999e-01	1.4845e-05	1.2358e-05	2.2538e-06	8.2771e-07	2.2828e-07	7.8886e-11	5.0000e-01	
2.4185e-05	1.0732e+03	1.0000e+05	2.5228e-01	2.4998e-01	2.4999e-01	1.6064e-05	1.3371e-05	2.4386e-06	8.9564e-07	2.4694e-07	8.5560e-11	5.0000e-01	
2.4456e-05	1.0732e+03	1.0000e+05	2.5228e-01	2.4997e-01	2.4999e-01	1.7380e-05	1.4465e-05	2.6381e-06	9.6894e-07	2.6706e-07	9.2781e-11	5.0000e-01	
2.4726e-05	1.0732e+03	1.0000e+05	2.5228e-01	2.4997e-01	2.4999e-01	1.8803e-05	1.5648e-05	2.8539e-06	1.0483e-06	2.8882e-07	1.0063e-10	5.0000e-01	
2.5173e-05	1.0732e+03	1.0000e+05	2.5228e-01	2.4997e-01	2.4999e-01	2.1411e-05	1.7814e-05	3.2491e-06	1.1936e-06	3.2864e-07	1.1510e-10	5.0000e-01	
2.5620e-05	1.0732e+03	1.0000e+05	2.5228e-01	2.4996e-01	2.4999e-01	2.4380e-05	2.0279e-05	3.6989e-06	1.3590e-06	3.7390e-07	1.3170e-10	5.0000e-01	
2.6067e-05	1.0732e+03	1.0000e+05	2.5228e-01	2.4996e-01	2.4998e-01	2.7758e-05	2.3083e-05	4.2104e-06	1.5473e-06	4.2531e-07	1.5076e-10	5.0000e-01	
2.6514e-05	1.0732e+03	1.0000e+05	2.5228e-01	2.4995e-01	2.4998e-01	3.1607e-05	2.6277e-05	4.7931e-06	1.7619e-06	4.8379e-07	1.7272e-10	5.0000e-01	
2.6961e-05	1.0732e+03	1.0000e+05	2.5228e-01	2.4995e-01	2.4998e-01	3.5989e-05	2.9911e-05	5.4562e-06	2.0063e-06	5.5023e-07	1.9801e-10	5.0000e-01	
2.7407e-05	1.0732e+03	1.0000e+05	2.5228e-01	2.4994e-01	2.4997e-01	4.0979e-05	3.4047e-05	6.2107e-06	2.2846e-06	6.2570e-07	2.2718e-10	5.0000e-01	
2.7854e-05	1.0732e+03	1.0000e+05	2.5228e-01	2.4993e-01	2.4997e-01	4.6660e-05	3.8753e-05	7.0693e-06	2.6016e-06	7.1139e-07	2.6087e-10	5.0000e-01	
2.8301e-05	1.0732e+03	1.0000e+05	2.5228e-01	2.4992e-01	2.4997e-01	5.3130e-05	4.4108e-05	8.0464e-06	2.9628e-06	8.0868e-07	2.9987e-10	5.0000e-01	
2.8748e-05	1.0732e+03	1.0000e+05	2.5228e-01	2.4991e-01	2.4996e-01	6.0498e-05	5.0201e-05	9.1581e-06	3.3742e-06	9.1909e-07	3.4509e-10	5.0000e-01	
2.9195e-05	1.0732e+03	1.0000e+05	2.5228e-01	2.4990e-01	2.4996e-01	6.8889e-05	5.7135e-05	1.0423e-05	3.8430e-06	1.0443e-06	3.9762e-10	5.0000e-01	
2.9641e-05	1.0732e+03	1.0000e+05	2.5228e-01	2.4989e-01	2.4995e-01	7.8445e-05	6.5022e-05	1.1862e-05	4.3771e-06	1.1863e-06	4.5878e-10	5.0000e-01	
3.0088e-05	1.0732e+03	1.0000e+05	2.5228e-01	2.4987e-01	2.4995e-01	8.9330e-05	7.3996e-05	1.3500e-05	4.9858e-06	1.3472e-06	5.3014e-10	5.0000e-01	
3.0535e-05	1.0732e+03	1.0000e+05	2.5228e-01	2.4985e-01	2.4994e-01	1.0173e-04	8.4203e-05	1.5363e-05	5.6797e-06	1.5294e-06	6.1361e-10	5.0000e-01	
3.0982e-05	1.0732e+03	1.0000e+05	2.5228e-01	2.4983e-01	2.4993e-01	1.1585e-04	9.5813e-05	1.7481e-05	6.4706e-06	1.7356e-06	7.1149e-10	5.0000e-01	
3.1429e-05	1.0732e+03	1.0000e+05	2.5228e-01	2.4981e-01	2.4992e-01	1.3194e-04	1.0902e-04	1.9891e-05	7.3724e-06	1.9688e-06	8.2657e-10	5.0000e-01	
3.1876e-05	1.0732e+03	1.0000e+05	2.5228e-01	2.4978e-01	2.4991e-01	1.5027e-04	1.2403e-04	2.2631e-05	8.4007e-06	2.2322e-06	9.6223e-10	5.0000e-01	
3.2322e-05	1.0732e+03	1.0000e+05	2.5228e-01	2.4975e-01	2.4990e-01	1.7116e-04	1.4110e-04	2.5746e-05	9.5736e-06	2.5295e-06	1.1226e-09	5.0000e-01	
3.2769e-05	1.0732e+03	1.0000e+05	2.5228e-01	2.4972e-01	2.4988e-01	1.9497e-04	1.6051e-04	2.9288e-05	1.0912e-05	2.8647e-06	1.3127e-09	5.0000e-01	
3.3216e-05	1.0732e+03	1.0000e+05	2.5228e-01	2.4968e-01	2.4986e-01	2.2210e-04	1.8256e-04	3.3314e-05	1.2438e-05	3.2420e-06	1.5387e-09	5.0000e-01	
3.3663e-05	1.0732e+03	1.0000e+05	2.5228e-01	2.4964e-01	2.4985e-01	2.5302e-04	2.0762e-04	3.7889e-05	1.4181e-05	3.6662e-06	1.8080e-09	5.0000e-01	
3.4110e-05	1.0732e+03	1.0000e+05	2.5229e-01	2.4959e-01	2.4982e-01	2.8829e-04	2.3609e-04	4.3087e-05	1.6171e-05	4.1422e-06	2.1300e-09	5.0000e-01	
3.4556e-05	1.0732e+03	1.0000e+05	2.5229e-01	2.4953e-01	2.4980e-01	3.2849e-04	2.6842e-04	4.8990e-05	1.8443e-05	4.6756e-06	2.5153e-09	5.0000e-01	
3.5003e-05	1.0732e+03	1.0000e+05	2.5229e-01	2.4946e-01	2.4977e-01	3.7432e-04	3.0513e-04	5.5692e-05	2.1037e-05	5.2719e-06	2.9773e-09	5.0000e-01	
3.5450e-05	1.0732e+03	1.0000e+05	2.5229e-01	2.4939e-01	2.4974e-01	4.2661e-04	3.4679e-04	6.3301e-05	2.4003e-05	5.9371e-06	3.5330e-09	5.0001e-01	
3.5897e-05	1.0732e+03	1.0000e+05	2.5229e-01	2.4930e-01	2.4970e-01	4.8626e-04	3.9406e-04	7.1935e-05	2.7391e-05	6.6771e-06	4.2019e-09	5.0001e-01	
3.6344e-05	1.0732e+03	1.0000e+05	2.5229e-01	2.4921e-01	2.4966e-01	5.5432e-04	4.4766e-04	8.1727e-05	3.1265e-05	7.4982e-06	5.0078e-09	5.0001e-01	
3.6791e-05	1.0732e+03	1.0000e+05	2.5229e-01	2.4910e-01	2.4962e-01	6.3199e-04	5.0842e-04	9.2830e-05	3.5695e-05	8.4064e-06	5.9794e-09	5.0001e-01	
3.7237e-05	1.0732e+03	1.0000e+05	2.5229e-01	2.4897e-01	2.4956e-01	7.2064e-04	5.7727e-04	1.0541e-04	4.0760e-05	9.4074e-06	7.1506e-09	5.0001e-01	
3.7684e-05	1.0732e+03	1.0000e+05	2.5229e-01	2.4883e-01	2.4950e-01	8.2185e-04	6.5521e-04	1.1966e-04	4.6554e-05	1.0506e-05	8.5618e-09	5.0001e-01	
3.8131e-05	1.0732e+03	1.0000e+05	2.5229e-01	2.4867e-01	2.4943e-01	9.3739e-04	7.4342e-04	1.3578e-04	5.3182e-05	1.1708e-05	1.0260e-08	5.0002e-01	
3.8578e-05	1.0732e+03	1.0000e+05	2.5229e-01	2.4848e-01	2.4936e-01	1.0693e-03	8.4316e-04	1.5402e-04	6.0762e-05	1.3017e-05	1.2300e-08	5.0002e-01	
3.9025e-05	1.0732e+03	1.0000e+05	2.5230e-01	2.4827e-01	2.4927e-01	1.2200e-03	9.5586e-04	1.7464e-04	6.9431e-05	1.4435e-05	1.4746e-08	5.0003e-01	
3.9471e-05	1.0732e+03	1.0000e+05	2.5230e-01	2.4803e-01	2.4917e-01	1.3920e-03	1.0831e-03	1.9792e-04	7.9342e-05	1.5963e-05	1.7668e-08	5.0003e-01	
3.9918e-05	1.0732e+03	1.0000e+05	2.5230e-01	2.4776e-01	2.4905e-01	1.5885e-03	1.2266e-03	2.2418e-04	9.0667e-05	1.7600e-05	2.1147e-08	5.0004e-01	
4.0365e-05	1.0732e+03	1.0000e+05	2.5231e-01	2.4746e-01	2.4892e-01	1.8127e-03	1.3883e-03	2.5379e-04	1.0360e-04	1.9345e-05	2.5271e-08	5.0005e-01	
4.0812e-05	1.0732e+03	1.0000e+05	2.5231e-01	2.4711e-01	2.4877e-01	2.0687e-03	1.5704e-03	2.8713e-04	1.1836e-04	2.1193e-05	3.0136e-08	5.0006e-01	
4.1259e-05	1.0732e+03	1.0000e+05	2.5232e-01	2.4671e-01	2.4860e-01	2.3608e-03	1.7751e-03	3.2462e-04	1.3518e-04	2.3138e-05	3.5845e-08	5.0007e-01	
4.1706e-05	1.0732e+03	1.0000e+05	2.5233e-01	2.4626e-01	2.4841e-01	2.6938e-03	2.0049e-03	3.6675e-04	1.5434e-04	2.5171e-05	4.2501e-08	5.0009e-01	
4.2152e-05	1.0732e+03	1.0000e+05	2.5234e-01	2.4575e-01	2.4819e-01	3.0734e-03	2.2627e-03	4.1400e-04	1.7611e-04	2.7283e-05	5.0214e-08	5.0011e-01	
4.2599e-05	1.0732e+03	1.0000e+05	2.5235e-01	2.4517e-01	2.4795e-01	3.5056e-03	2.5513e-03	4.6694e-04	2.0083e-04	2.9462e-05	5.9087e-08	5.0013e-01	
4.3046e-05	1.0732e+03	1.0000e+05	2.5236e-01	2.4451e-01	2.4767e-01	3.9973e-03	2.8741e-03	5.2616e-04	2.2882e-04	3.1696e-05	6.9218e-08	5.0016e-01	
4.3493e-05	1.0732e+03	1.0000e+05	2.5238e-01	2.4378e-01	2.4736e-01	4.5559e-03	3.2342e-03	5.9228e-04	2.6046e-04	3.3972e-05	8.0703e-08	5.0019e-01	
4.3940e-05	1.0732e+03	1.0000e+05	2.5240e-01	2.4294e-01	2.4700e-01	5.1897e-03	3.6355e-03	6.6599e-04	2.9614e-04	3.6276e-05	9.3617e-08	5.0023e-01	
4.4386e-05	1.0732e+03	1.0000e+05	2.5242e-01	2.4200e-01	2.4660e-01	5.9078e-03	4.0816e-03	7.4800e-04	3.3628e-04	3.8597e-05	1.0802e-07	5.0028e-01	
4.4833e-05	1.0732e+03	1.0000e+05	2.5245e-01	2.4095e-01	2.4616e-01	6.7199e-03	4.5765e-03	8.3903e-04	3.8131e-04	4.0923e-05	1.2395e-07	5.0034e-01	
4.5280e-05	1.0732e+03	1.0000e+05	2.5249e-01	2.3977e-01	2.4565e-01	7.6366e-03	5.1243e-03	9.3987e-04	4.3168e-04	4.3243e-05	1.4141e-07	5.0040e-01	
4.5727e-05	1.0732e+03	1.0000e+05	2.5253e-01	2.3844e-01	2.4509e-01	8.6690e-03	5.7290e-03	1.0513e-03	4.8786e-04	4.5551e-05	1.6040e-07	5.0048e-01	
4.6174e-05	1.0732e+03	1.0000e+05	2.5257e-01	2.3696e-01	2.4446e-01	9.8291e-03	6.3947e-03	1.1741e-03	5.5032e-04	4.7839e-05	1.8088e-07	5.0058e-01	
4.6621e-05	1.0732e+03	1.0000e+05	2.5263e-01	2.3532e-01	2.4376e-01	1.1129e-02	7.1250e-03	1.3090e-03	6.1951e-04	5.0105e-05	2.0275e-07	5.0069e-01	
4.7067e-05	1.0732e+03	1.0000e+05	2.5269e-01	2.3349e-01	2.4299e-01	1.2583e-02	7.9238e-03	1.4567e-03	6.9589e-04	5.2346e-05	2.2593e-07	5.0081e-01	
4.7378e-05	1.0732e+03	1.0000e+05	2.5274e-01	2.3210e-01	2.4240e-01	1.3692e-02	8.5216e-03	1.5675e-03	7.5353e-04	5.3891e-05	2.4275e-07	5.0091e-01	
4.7689e-05	1.0732e+03	1.0000e+05	2.5280e-01	2.3061e-01	2.4176e-01	1.4886e-02	9.1552e-03	1.6850e-03	8.1501e-04	5.5425e-05	2.6009e-07	5.0103e-01	
4.8000e-05	1.0732e+03	1.0000e+05	2.5286e-01	2.2902e-01	2.4109e-01	1.6170e-02	9.8249e-03	1.8094e-03	8.8043e-04	5.6948e-05	2.7788e-07	5.0115e-01	
4.8312e-05	1.0732e+03	1.0000e+05	2.5293e-01	2.2732e-01	2.4036e-01	1.7548e-02	1.0531e-02	1.9408e-03	9.4992e-04	5.8461e-05	2.9604e-07	5.0128e-01	
4.8623e-05	1.0732e+03	1.0000e+05	2.5301e-01	2.2551e-01	2.3959e-01	1.9025e-02	1.1275e-02	2.0794e-03	1.0235e-03	5.9966e-05	3.1452e-07	5.0143e-01	
4.8934e-05	1.0732e+03	1.0000e+05	2.5309e-01	2.2359e-01	2.3877e-01	2.0604e-02	1.2055e-02	2.2251e-03	1.1014e-03	6.1462e-05	3.3322e-07	5.0160e-01	
4.9245e-05	1.0732e+03	1.0000e+05	2.5318e-01	2.2154e-01	2.3790e-01	2.2290e-02	1.2871e-02	2.3780e-03	1.1835e-03	6.2953e-05	3.5207e-07	5.0178e-01	
4.9556e-05	1.0732e+03	1.0000e+05	2.5328e-01	2.1937e-01	2.3697e-01	2.4086e-02	1.3723e-02	2.5380e-03	1.2699e-03	6.4438e-05	3.7098e-07	5.0197e-01	
4.9867e-05	1.0732e+03	1.0000e+05	2.5339e-01	2.1708e-01	2.3600e-01	2.5997e-02	1.4610e-02	2.7049e-03	1.3605e-03	6.5922e-05	3.8986e-07	5.0219e-01	
5.0178e-05	1.0732e+03	1.0000e+05	2.5351e-01	2.1466e-01	2.3496e-01	2.8024e-02	1.5529e-02	2.8786e-03	1.4553e-03	6.7401e-05	4.0864e-07	5.0242e-01	
5.0489e-05	1.0732e+03	1.0000e+05	2.5363e-01	2.1212e-01	2.3388e-01	3.0171e-02	1.6479e-02	3.0587e-03	1.5542e-03	6.8881e-05	4.2721e-07	5.0268e-01	
5.0703e-05	1.0732e+03	1.0000e+05	2.5373e-01	2.1029e-01	2.3310e-01	3.1721e-02	1.7150e-02	3.1865e-03	1.6247e-03	6.9897e-05	4.3984e-07	5.0286e-01	
5.0918e-05	1.0732e+03	1.0000e+05	2.5383e-01	2.0840e-01	2.3229e-01	3.3330e-02	1.7834e-02	3.3169e-03	1.6969e-03	7.0913e-05	4.5232e-07	5.0306e-01	
5.1132e-05	1.0732e+03	1.0000e+05	2.5393e-01	2.0645e-01	2.3145e-01	3.4997e-02	1.8528e-02	3.4499e-03	1.7710e-03	7.1929e-05	4.6460e-07	5.0327e-01	
5.1346e-05	1.0732e+03	1.0000e+05	2.5405e-01	2.0445e-01	2.3060e-01	3.6724e-02	1.9233e-02	3.5854e-03	1.8467e-03	7.2945e-05	4.7666e-07	5.0349e-01	
5.1561e-05	1.0732e+03	1.0000e+05	2.5416e-01	2.0238e-01	2.2971e-01	3.8509e-02	1.9946e-02	3.7230e-03	1.9240e-03	7.3959e-05	4.8849e-07	5.0373e-01	
5.1775e-05	1.0732e+03	1.0000e+05	2.5429e-01	2.0026e-01	2.2880e-01	4.0353e-02	2.0666e-02	3.8626e-03	2.0028e-03	7.4972e-05	5.0005e-07	5.0398e-01	
5.1989e-05	1.0732e+03	1.0000e+05	2.5442e-01	1.9809e-01	2.2787e-01	4.2256e-02	2.1392e-02	4.0040e-03	2.0829e-03	7.5982e-05	5.1133e-07	5.0423e-01	
5.2204e-05	1.0732e+03	1.0000e+05	2.5456e-01	1.9586e-01	2.2691e-01	4.4217e-02	2.2121e-02	4.1467e-03	2.1643e-03	7.6991e-05	5.2230e-07	5.0451e-01	
5.2418e-05	1.0732e+03	1.0000e+05	2.5470e-01	1.9357e-01	2.2593e-01	4.6235e-02	2.2852e-02	4.2907e-03	2.2468e-03	7.7997e-05	5.3296e-07	5.0479e-01	
5.2632e-05	1.0732e+03	1.0000e+05	2.5485e-01	1.9124e-01	2.2493e-01	4.8310e-02	2.3584e-02	4.4356e-03	2.3302e-03	7.9000e-05	5.4329e-07	5.0509e-01	
5.2847e-05	1.0732e+03	1.0000e+05	2.5501e-01	1.8886e-01	2.2390e-01	5.0441e-02	2.4314e-02	4.5811e-03	2.4145e-03	7.9997e-05	5.5326e-07	5.0541e-01	
5.3061e-05	1.0732e+03	1.0000e+05	2.5518e-01	1.8643e-01	2.2286e-01	5.2626e-02	2.5039e-02	4.7268e-03	2.4994e-03	8.0990e-05	5.6288e-07	5.0574e-01	
5.3275e-05	1.0732e+03	1.0000e+05	2.5535e-01	1.8396e-01	2.2180e-01	5.4865e-02	2.5759e-02	4.8724e-03	2.5847e-03	8.1976e-05	5.7214e-07	5.0608e-01	
5.3490e-05	1.0732e+03	1.0000e+05	2.5553e-01	1.8145e-01	2.2071e-01	5.7155e-02	2.6471e-02	5.0176e-03	2.6704e-03	8.2956e-05	5.8103e-07	5.0644e-01	
5.3704e-05	1.0732e+03	1.0000e+05	2.5572e-01	1.7890e-01	2.1961e-01	5.9494e-02	2.7172e-02	5.1620e-03	2.7561e-03	8.3926e-05	5.8955e-07	5.0681e-01	
5.3918e-05	1.0732e+03	1.0000e+05	2.5592e-01	1.7632e-01	2.1850e-01	6.1882e-02	2.7860e-02	5.3053e-03	2.8417e-03	8.4887e-05	5.9770e-07	5.0720e-01	
5.4133e-05	1.0732e+03	1.0000e+05	2.5612e-01	1.7371e-01	2.1737e-01	6.4315e-02	2.8534e-02	5.4472e-03	2.9271e-03	8.5838e-05	6.0547e-07	5.0761e-01	
5.4347e-05	1.0732e+03	1.0000e+05	2.5633e-01	1.7108e-01	2.1623e-01	6.6792e-02	2.9191e-02	5.5871e-03	3.0120e-03	8.6776e-05	6.1289e-07	5.0803e-01	
5.4562e-05	1.0732e+03	1.0000e+05	2.5655e-01	1.6841e-01	2.1508e-01	6.9310e-02	2.9829e-02	5.7249e-03	3.0961e-03	8.7702e-05	6.1994e-07	5.0846e-01	
5.4776e-05	1.0732e+03	1.0000e+05	2.5678e-01	1.6573e-01	2.1391e-01	7.1866e-02	3.0446e-02	5.8601e-03	3.1794e-03	8.8613e-05	6.2665e-07	5.0891e-01	
5.4990e-05	1.0732e+03	1.0000e+05	2.5702e-01	1.6303e-01	2.1274e-01	7.4458e-02	3.1040e-02	5.9924e-03	3.2616e-03	8.9509e-05	6.3302e-07	5.0938e-01	
5.5205e-05	1.0732e+03	1.0000e+05	2.5726e-01	1.6032e-01	2.1157e-01	7.7084e-02	3.1609e-02	6.1214e-03	3.3425e-03	9.0386e-05	6.3906e-07	5.0986e-01	
5.5419e-05	1.0732e+03	1.0000e+05	2.5751e-01	1.5761e-01	2.1038e-01	7.9739e-02	3.2152e-02	6.2470e-03	3.4220e-03	9.1249e-05	6.4480e-07	5.1036e-01	
5.5633e-05	1.0732e+03	1.0000e+05	2.5777e-01	1.5488e-01	2.0920e-01	8.2422e-02	3.2666e-02	6.3686e-03	3.4998e-03	9.2084e-05	6.5023e-07	5.1087e-01	
5.5768e-05	1.0732e+03	1.0000e+05	2.5793e-01	1.5317e-01	2.0845e-01	8.4119e-02	3.2973e-02	6.4429e-03	3.5477e-03	9.2604e-05	6.5350e-07	5.1120e-01	
5.5858e-05	1.0732e+03	1.0000e+05	2.5805e-01	1.5203e-01	2.0795e-01	8.5262e-02	3.3172e-02	6.4918e-03	3.5794e-03	9.2947e-05	6.5563e-07	5.1142e-01	
5.5948e-05	1.0732e+03	1.0000e+05	2.5816e-01	1.5088e-01	2.0745e-01	8.6409e-02	3.3366e-02	6.5399e-03	3.6107e-03	9.3284e-05	6.5771e-07	5.1165e-01	
5.6039e-05	1.0732e+03	1.0000e+05	2.5828e-01	1.4973e-01	2.0695e-01	8.7559e-02	3.3554e-02	6.5871e-03	3.6417e-03	9.3621e-05	6.5975e-07	5.1188e-01	
5.6129e-05	1.0732e+03	1.0000e+05	2.5839e-01	1.4859e-01	2.0645e-01	8.8712e-02	3.3737e-02	6.6336e-03	3.6723e-03	9.3950e-05	6.6175e-07	5.1211e-01	
5.6219e-05	1.0732e+03	1.0000e+05	2.5851e-01	1.4745e-01	2.0595e-01	8.9868e-02	3.3913e-02	6.6792e-03	3.7025e-03	9.4274e-05	6.6370e-07	5.1234e-01	
5.6309e-05	1.0732e+03	1.0000e+05	2.5863e-01	1.4631e-01	2.0545e-01	9.1028e-02	3.4084e-02	6.7240e-03	3.7323e-03	9.4597e-05	6.6561e-07	5.1258e-01	
5.6399e-05	1.0732e+03	1.0000e+05	2.5875e-01	1.4517e-01	2.0495e-01	9.2189e-02	3.4248e-02	6.7678e-03	3.7617e-03	9.4914e-05	6.6748e-07	5.1282e-01	
5.6490e-05	1.0732e+03	1.0000e+05	2.5887e-01	1.4403e-01	2.0446e-01	9.3353e-02	3.4407e-02	6.8109e-03	3.7907e-03	9.5228e-05	6.6931e-07	5.1306e-01	
5.6580e-05	1.0732e+03	1.0000e+05	2.5899e-01	1.4289e-01	2.0396e-01	9.4520e-02	3.4559e-02	6.8530e-03	3.8192e-03	9.5534e-05	6.7110e-07	5.1330e-01	
5.6670e-05	1.0732e+03	1.0000e+05	2.5912e-01	1.4176e-01	2.0346e-01	9.5688e-02	3.4706e-02	6.8942e-03	3.8473e-03	9.5838e-05	6.7286e-07	5.1355e-01	
5.6760e-05	1.0732e+03	1.0000e+05	2.5924e-01	1.4063e-01	2.0297e-01	9.6858e-02	3.4846e-02	6.9344e-03	3.8749e-03	9.6138e-05	6.7458e-07	5.1379e-01	
5.6851e-05	1.0732e+03	1.0000e+05	2.5937e-01	1.3950e-01	2.0247e-01	9.8029e-02	3.4979e-02	6.9738e-03	3.9021e-03	9.6431e-05	6.7627e-07	5.1404e-01	
5.6941e-05	1.0732e+03	1.0000e+05	2.5950e-01	1.3838e-01	2.0198e-01	9.9201e-02	3.5107e-02	7.0121e-03	3.9288e-03	9.6721e-05	6.7793e-07	5.1430e-01	
5.7031e-05	1.0732e+03	1.0000e+05	2.5962e-01	1.3726e-01	2.0149e-01	1.0037e-01	3.5228e-02	7.0496e-03	3.9550e-03	9.7006e-05	6.7955e-07	5.1455e-01	
5.7121e-05	1.0732e+03	1.0000e+05	2.5975e-01	1.3614e-01	2.0100e-01	1.0155e-01	3.5343e-02	7.0860e-03	3.9807e-03	9.7287e-05	6.8115e-07	5.1480e-01	
5.7211e-05	1.0732e+03	1.0000e+05	2.5988e-01	1.3503e-01	2.0051e-01	1.0272e-01	3.5451e-02	7.1215e-03	4.0060e-03	9.7561e-05	6.8272e-07	5.1506e-01	
5.7302e-05	1.0732e+03	1.0000e+05	2.6001e-01	1.3392e-01	2.0002e-01	1.0390e-01	3.5553e-02	7.1560e-03	4.0307e-03	9.7831e-05	6.8425e-07	5.1532e-01	
5.7392e-05	1.0732e+03	1.0000e+05	2.6015e-01	1.3282e-01	1.9953e-01	1.0507e-01	3.5649e-02	7.1895e-03	4.0550e-03	9.8098e-05	6.8577e-07	5.1558e-01	
5.7482e-05	1.0732e+03	1.0000e+05	2.6028e-01	1.3172e-01	1.9905e-01	1.0625e-01	3.5738e-02	7.2220e-03	4.0787e-03	9.8357e-05	6.8726e-07	5.1585e-01	
5.7572e-05	1.0732e+03	1.0000e+05	2.6041e-01	1.3062e-01	1.9857e-01	1.0742e-01	3.5820e-02	7.2535e-03	4.1019e-03	9.8611e-05	6.8872e-07	5.1611e-01	
5.7663e-05	1.0732e+03	1.0000e+05	2.6055e-01	1.2953e-01	1.9809e-01	1.0860e-01	3.5896e-02	7.2840e-03	4.1246e-03	9.8860e-05	6.9016e-07	5.1638e-01	
5.7753e-05	1.0732e+03	1.0000e+05	2.6068e-01	1.2845e-01	1.9761e-01	1.0977e-01	3.5966e-02	7.3135e-03	4.1467e-03	9.9105e-05	6.9158e-07	5.1665e-01	
5.7843e-05	1.0732e+03	1.0000e+05	2.6082e-01	1.2737e-01	1.9713e-01	1.1094e-01	3.6030e-02	7.3419e-03	4.1683e-03	9.9343e-05	6.9298e-07	5.1692e-01	
5.7933e-05	1.0732e+03	1.0000e+05	2.6096e-01	1.2629e-01	1.9666e-01	1.1211e-01	3.6087e-02	7.3694e-03	4.1894e-03	9.9576e-05	6.9436e-07	5.1719e-01	
5.8023e-05	1.0732e+03	1.0000e+05	2.6109e-01	1.2522e-01	1.9619e-01	1.1328e-01	3.6137e-02	7.3958e-03	4.2100e-03	9.9804e-05	6.9572e-07	5.1746e-01	
5.8114e-05	1.0732e+03	1.0000e+05	2.6123e-01	1.2416e-01	1.9572e-01	1.1445e-01	3.6182e-02	7.4212e-03	4.2300e-03	1.0003e-04	6.9706e-07	5.1774e-01	
5.8204e-05	1.0732e+03	1.0000e+05	2.6137e-01	1.2310e-01	1.9525e-01	1.1562e-01	3.6220e-02	7.4456e-03	4.2494e-03	1.0024e-04	6.9839e-07	5.1801e-01	
5.8387e-05	1.0732e+03	1.0000e+05	2.6166e-01	1.2097e-01	1.9431e-01	1.1798e-01	3.6278e-02	7.4920e-03	4.2873e-03	1.0067e-04	7.0104e-07	5.1858e-01	
5.8571e-05	1.0732e+03	1.0000e+05	2.6195e-01	1.1887e-01	1.9338e-01	1.2034e-01	3.6310e-02	7.5342e-03	4.3228e-03	1.0107e-04	7.0363e-07	5.1915e-01	
5.8754e-05	1.0732e+03	1.0000e+05	2.6224e-01	1.1679e-01	1.9246e-01	1.2268e-01	3.6318e-02	7.5723e-03	4.3561e-03	1.0145e-04	7.0617e-07	5.1972e-01	
5.8937e-05	1.0732e+03	1.0000e+05	2.6253e-01	1.1475e-01	1.9155e-01	1.2501e-01	3.6301e-02	7.6062e-03	4.3871e-03	1.0180e-04	7.0867e-07	5.2030e-01	
5.9121e-05	1.0732e+03	1.0000e+05	2.6282e-01	1.1273e-01	1.9065e-01	1.2733e-01	3.6261e-02	7.6361e-03	4.4158e-03	1.0213e-04	7.1112e-07	5.2088e-01	
5.9304e-05	1.0732e+03	1.0000e+05	2.6312e-01	1.1074e-01	1.8977e-01	1.2963e-01	3.6197e-02	7.6619e-03	4.4423e-03	1.0244e-04	7.1354e-07	5.2147e-01	
5.9488e-05	1.0732e+03	1.0000e+05	2.6341e-01	1.0878e-01	1.8889e-01	1.3191e-01	3.6111e-02	7.6838e-03	4.4665e-03	1.0272e-04	7.1593e-07	5.2205e-01	
5.9671e-05	1.0732e+03	1.0000e+05	2.6371e-01	1.0685e-01	1.8804e-01	1.3418e-01	3.6003e-02	7.7018e-03	4.4884e-03	1.0298e-04	7.1829e-07	5.2264e-01	
5.9854e-05	1.0732e+03	1.0000e+05	2.6401e-01	1.0495e-01	1.8719e-01	1.3642e-01	3.5874e-02	7.7160e-03	4.5082e-03	1.0321e-04	7.2063e-07	5.2323e-01	
6.0038e-05	1.0732e+03	1.0000e+05	2.6430e-01	1.0309e-01	1.8636e-01	1.3865e-01	3.5725e-02	7.7265e-03	4.5258e-03	1.0342e-04	7.2295e-07	5.2383e-01	
6.0221e-05	1.0732e+03	1.0000e+05	2.6460e-01	1.0126e-01	1.8554e-01	1.4085e-01	3.5556e-02	7.7334e-03	4.5412e-03	1.0361e-04	7.2525e-07	5.2442e-01	
6.0404e-05	1.0732e+03	1.0000e+05	2.6490e-01	9.9455e-02	1.8474e-01	1.4303e-01	3.5370e-02	7.7368e-03	4.5546e-03	1.0377e-04	7.2752e-07	5.2501e-01	
6.0588e-05	1.0732e+03	1.0000e+05	2.6520e-01	9.7688e-02	1.8395e-01	1.4519e-01	3.5166e-02	7.7368e-03	4.5658e-03	1.0391e-04	7.2978e-07	5.2560e-01	
6.0771e-05	1.0732e+03	1.0000e+05	2.6550e-01	9.5953e-02	1.8317e-01	1.4733e-01	3.4945e-02	7.7336e-03	4.5751e-03	1.0403e-04	7.3203e-07	5.2619e-01	
6.0955e-05	1.0732e+03	1.0000e+05	2.6579e-01	9.4251e-02	1.8241e-01	1.4944e-01	3.4709e-02	7.7272e-03	4.5824e-03	1.0412e-04	7.3426e-07	5.2678e-01	
6.1138e-05	1.0732e+03	1.0000e+05	2.6609e-01	9.2581e-02	1.8166e-01	1.5152e-01	3.4459e-02	7.7177e-03	4.5878e-03	1.0420e-04	7.3647e-07	5.2736e-01	
6.1321e-05	1.0732e+03	1.0000e+05	2.6638e-01	9.0944e-02	1.8093e-01	1.5358e-01	3.4194e-02	7.7054e-03	4.5914e-03	1.0424e-04	7.3866e-07	5.2795e-01	
6.1505e-05	1.0732e+03	1.0000e+05	2.6668e-01	8.9340e-02	1.8021e-01	1.5562e-01	3.3917e-02	7.6902e-03	4.5931e-03	1.0427e-04	7.4084e-07	5.2853e-01	
6.1688e-05	1.0732e+03	1.0000e+05	2.6697e-01	8.7768e-02	1.7950e-01	1.5762e-01	3.3628e-02	7.6724e-03	4.5932e-03	1.0427e-04	7.4299e-07	5.2911e-01	
6.1872e-05	1.0732e+03	1.0000e+05	2.6726e-01	8.6228e-02	1.7881e-01	1.5960e-01	3.3328e-02	7.6520e-03	4.5915e-03	1.0426e-04	7.4513e-07	5.2968e-01	
6.2148e-05	1.0732e+03	1.0000e+05	2.6769e-01	8.3968e-02	1.7780e-01	1.6253e-01	3.2857e-02	7.6168e-03	4.5859e-03	1.0419e-04	7.4830e-07	5.3054e-01	
6.2424e-05	1.0732e+03	1.0000e+05	2.6812e-01	8.1780e-02	1.7682e-01	1.6539e-01	3.2366e-02	7.5765e-03	4.5769e-03	1.0408e-04	7.5141e-07	5.3139e-01	
6.2700e-05	1.0732e+03	1.0000e+05	2.6854e-01	7.9661e-02	1.7587e-01	1.6819e-01	3.1859e-02	7.5315e-03	4.5646e-03	1.0392e-04	7.5446e-07	5.3223e-01	
6.2976e-05	1.0732e+03	1.0000e+05	2.6896e-01	7.7610e-02	1.7495e-01	1.7092e-01	3.1336e-02	7.4823e-03	4.5493e-03	1.0371e-04	7.5744e-07	5.3305e-01	
6.3252e-05	1.0732e+03	1.0000e+05	2.6937e-01	7.5626e-02	1.7405e-01	1.7359e-01	3.0802e-02	7.4293e-03	4.5311e-03	1.0347e-04	7.6034e-07	5.3387e-01	
6.3528e-05	1.0732e+03	1.0000e+05	2.6977e-01	7.3708e-02	1.7319e-01	1.7619e-01	3.0259e-02	7.3727e-03	4.5103e-03	1.0318e-04	7.6315e-07	5.3467e-01	
6.3957e-05	1.0732e+03	1.0000e+05	2.7039e-01	7.0855e-02	1.7191e-01	1.8009e-01	2.9403e-02	7.2790e-03	4.4732e-03	1.0265e-04	7.6731e-07	5.3588e-01	
6.4385e-05	1.0732e+03	1.0000e+05	2.7098e-01	6.8149e-02	1.7070e-01	1.8384e-01	2.8537e-02	7.1791e-03	4.4310e-03	1.0204e-04	7.7121e-07	5.3706e-01	
6.4814e-05	1.0732e+03	1.0000e+05	2.7156e-01	6.5582e-02	1.6955e-01	1.8744e-01	2.7669e-02	7.0742e-03	4.3843e-03	1.0134e-04	7.7481e-07	5.3820e-01	
6.5242e-05	1.0732e+03	1.0000e+05	2.7212e-01	6.3147e-02	1.6846e-01	1.9088e-01	2.6804e-02	6.9655e-03	4.3339e-03	1.0057e-04	7.7809e-07	5.3930e-01	
6.5670e-05	1.0732e+03	1.0000e+05	2.7265e-01	6.0839e-02	1.6743e-01	1.9418e-01	2.5948e-02	6.8537e-03	4.2803e-03	9.9724e-05	7.8103e-07	5.4037e-01	
6.6099e-05	1.0732e+03	1.0000e+05	2.7317e-01	5.8650e-02	1.6645e-01	1.9733e-01	2.5104e-02	6.7400e-03	4.2240e-03	9.8817e-05	7.8360e-07	5.4140e-01	
6.6527e-05	1.0732e+03	1.0000e+05	2.7367e-01	5.6574e-02	1.6553e-01	2.0035e-01	2.4277e-02	6.6250e-03	4.1657e-03	9.7853e-05	7.8578e-07	5.4239e-01	
6.6956e-05	1.0732e+03	1.0000e+05	2.7415e-01	5.4605e-02	1.6465e-01	2.0323e-01	2.3468e-02	6.5095e-03	4.1058e-03	9.6838e-05	7.8756e-07	5.4334e-01	
6.7384e-05	1.0732e+03	1.0000e+05	2.7461e-01	5.2736e-02	1.6382e-01	2.0598e-01	2.2681e-02	6.3939e-03	4.0447e-03	9.5779e-05	7.8893e-07	5.4425e-01	
6.7813e-05	1.0732e+03	1.0000e+05	2.7505e-01	5.0962e-02	1.6304e-01	2.0860e-01	2.1917e-02	6.2789e-03	3.9829e-03	9.4680e-05	7.8989e-07	5.4513e-01	
6.8241e-05	1.0732e+03	1.0000e+05	2.7548e-01	4.9278e-02	1.6229e-01	2.1111e-01	2.1177e-02	6.1649e-03	3.9205e-03	9.3549e-05	7.9043e-07	5.4597e-01	
6.8669e-05	1.0732e+03	1.0000e+05	2.7588e-01	4.7677e-02	1.6159e-01	2.1350e-01	2.0462e-02	6.0522e-03	3.8580e-03	9.2389e-05	7.9054e-07	5.4677e-01	
6.9098e-05	1.0732e+03	1.0000e+05	2.7627e-01	4.6156e-02	1.6092e-01	2.1578e-01	1.9773e-02	5.9412e-03	3.7957e-03	9.1206e-05	7.9024e-07	5.4754e-01	
6.9526e-05	1.0732e+03	1.0000e+05	2.7664e-01	4.4709e-02	1.6028e-01	2.1796e-01	1.9110e-02	5.8320e-03	3.7337e-03	9.0004e-05	7.8952e-07	5.4828e-01	
6.9955e-05	1.0732e+03	1.0000e+05	2.7700e-01	4.3333e-02	1.5968e-01	2.2004e-01	1.8472e-02	5.7249e-03	3.6722e-03	8.8789e-05	7.8840e-07	5.4898e-01	
7.0383e-05	1.0732e+03	1.0000e+05	2.7734e-01	4.2022e-02	1.5911e-01	2.2203e-01	1.7860e-02	5.6201e-03	3.6114e-03	8.7563e-05	7.8689e-07	5.4966e-01	
7.0812e-05	1.0732e+03	1.0000e+05	2.7767e-01	4.0773e-02	1.5857e-01	2.2392e-01	1.7272e-02	5.5177e-03	3.5515e-03	8.6330e-05	7.8499e-07	5.5031e-01	
7.1240e-05	1.0732e+03	1.0000e+05	2.7798e-01	3.9583e-02	1.5805e-01	2.2573e-01	1.6709e-02	5.4177e-03	3.4926e-03	8.5096e-05	7.8272e-07	5.5092e-01	
7.1668e-05	1.0732e+03	1.0000e+05	2.7828e-01	3.8448e-02	1.5756e-01	2.2746e-01	1.6170e-02	5.3202e-03	3.4348e-03	8.3863e-05	7.8010e-07	5.5151e-01	
7.2097e-05	1.0732e+03	1.0000e+05	2.7856e-01	3.7364e-02	1.5710e-01	2.2912e-01	1.5654e-02	5.2253e-03	3.3780e-03	8.2630e-05	7.7713e-07	5.5208e-01	
7.2525e-05	1.0732e+03	1.0000e+05	2.7883e-01	3.6329e-02	1.5665e-01	2.3070e-01	1.5160e-02	5.1329e-03	3.3226e-03	8.1403e-05	7.7384e-07	5.5262e-01	
7.2954e-05	1.0732e+03	1.0000e+05	2.7910e-01	3.5340e-02	1.5623e-01	2.3221e-01	1.4688e-02	5.0432e-03	3.2684e-03	8.0186e-05	7.7025e-07	5.5314e-01	
7.3382e-05	1.0732e+03	1.0000e+05	2.7935e-01	3.4394e-02	1.5582e-01	2.3366e-01	1.4236e-02	4.9559e-03	3.2154e-03	7.8977e-05	7.6637e-07	5.5364e-01	
7.3811e-05	1.0732e+03	1.0000e+05	2.7959e-01	3.3489e-02	1.5544e-01	2.3504e-01	1.3804e-02	4.8712e-03	3.1638e-03	7.7778e-05	7.6221e-07	5.5411e-01	
7.4239e-05	1.0732e+03	1.0000e+05	2.7982e-01	3.2623e-02	1.5507e-01	2.3637e-01	1.3391e-02	4.7889e-03	3.1136e-03	7.6592e-05	7.5780e-07	5.5457e-01	
7.4667e-05	1.0732e+03	1.0000e+05	2.8004e-01	3.1792e-02	1.5472e-01	2.3764e-01	1.2996e-02	4.7091e-03	3.0647e-03	7.5425e-05	7.5315e-07	5.5500e-01	
7.5096e-05	1.0732e+03	1.0000e+05	2.8025e-01	3.0996e-02	1.5438e-01	2.3886e-01	1.2619e-02	4.6317e-03	3.0170e-03	7.4272e-05	7.4828e-07	5.5542e-01	
7.5524e-05	1.0732e+03	1.0000e+05	2.8045e-01	3.0233e-02	1.5406e-01	2.4003e-01	1.2258e-02	4.5566e-03	2.9707e-03	7.3131e-05	7.4320e-07	5.5582e-01	
7.5953e-05	1.0732e+03	1.0000e+05	2.8064e-01	2.9500e-02	1.5375e-01	2.4115e-01	1.1912e-02	4.4837e-03	2.9258e-03	7.2011e-05	7.3794e-07	5.5621e-01	
7.6237e-05	1.0732e+03	1.0000e+05	2.8077e-01	2.9029e-02	1.5355e-01	2.4187e-01	1.1691e-02	4.4365e-03	2.8966e-03	7.1279e-05	7.3434e-07	5.5645e-01	
7.6522e-05	1.0732e+03	1.0000e+05	2.8089e-01	2.8570e-02	1.5336e-01	2.4257e-01	1.1476e-02	4.3903e-03	2.8680e-03	7.0552e-05	7.3068e-07	5.5669e-01	
7.6807e-05	1.0732e+03	1.0000e+05	2.8101e-01	2.8123e-02	1.5318e-01	2.4325e-01	1.1267e-02	4.3450e-03	2.8399e-03	6.9832e-05	7.2694e-07	5.5693e-01	
7.7092e-05	1.0732e+03	1.0000e+05	2.8112e-01	2.7688e-02	1.5299e-01	2.4392e-01	1.1064e-02	4.3006e-03	2.8124e-03	6.9123e-05	7.2315e-07	5.5716e-01	
7.7283e-05	1.0732e+03	1.0000e+05	2.8120e-01	2.7401e-02	1.5287e-01	2.4435e-01	1.0931e-02	4.2712e-03	2.7942e-03	6.8651e-05	7.2055e-07	5.5731e-01	
7.7475e-05	1.0732e+03	1.0000e+05	2.8127e-01	2.7118e-02	1.5276e-01	2.4479e-01	1.0800e-02	4.2422e-03	2.7762e-03	6.8178e-05	7.1793e-07	5.5745e-01	
7.7608e-05	1.0732e+03	1.0000e+05	2.8132e-01	2.6927e-02	1.5268e-01	2.4508e-01	1.0711e-02	4.2224e-03	2.7639e-03	6.7857e-05	7.1612e-07	5.5755e-01	
7.7740e-05	1.0732e+03	1.0000e+05	2.8137e-01	2.6738e-02	1.5260e-01	2.4537e-01	1.0624e-02	4.2029e-03	2.7518e-03	6.7540e-05	7.1429e-07	5.5765e-01	
7.7872e-05	1.0732e+03	1.0000e+05	2.8142e-01	2.6551e-02	1.5252e-01	2.4565e-01	1.0538e-02	4.1835e-03	2.7398e-03	6.7223e-05	7.1245e-07	5.5775e-01	
7.8004e-05	1.0732e+03	1.0000e+05	2.8147e-01	2.6366e-02	1.5244e-01	2.4593e-01	1.0452e-02	4.1643e-03	2.7279e-03	6.6905e-05	7.1060e-07	5.5785e-01	
7.8136e-05	1.0732e+03	1.0000e+05	2.8152e-01	2.6183e-02	1.5237e-01	2.4621e-01	1.0368e-02	4.1453e-03	2.7161e-03	6.6591e-05	7.0874e-07	5.5794e-01	
7.8268e-05	1.0732e+03	1.0000e+05	2.8157e-01	2.6002e-02	1.5229e-01	2.4649e-01	1.0285e-02	4.1264e-03	2.7044e-03	6.6282e-05	7.0687e-07	5.5804e-01	
7.8400e-05	1.0732e+03	1.0000e+05	2.8161e-01	2.5824e-02	1.5222e-01	2.4676e-01	1.0203e-02	4.1078e-03	2.6928e-03	6.5972e-05	7.0500e-07	5.5813e-01	
7.8532e-05	1.0732e+03	1.0000e+05	2.8166e-01	2.5647e-02	1.5214e-01	2.4703e-01	1.0122e-02	4.0893e-03	2.6813e-03	6.5661e-05	7.0311e-07	5.5822e-01	
7.8664e-05	1.0732e+03	1.0000e+05	2.8171e-01	2.5473e-02	1.5207e-01	2.4729e-01	1.0043e-02	4.0709e-03	2.6700e-03	6.5355e-05	7.0121e-07	5.5831e-01	
7.8753e-05	1.0732e+03	1.0000e+05	2.8174e-01	2.5357e-02	1.5202e-01	2.4747e-01	9.9897e-03	4.0588e-03	2.6624e-03	6.5152e-05	6.9994e-07	5.5837e-01	
7.8841e-05	1.0732e+03	1.0000e+05	2.8177e-01	2.5241e-02	1.5198e-01	2.4765e-01	9.9372e-03	4.0466e-03	2.6549e-03	6.4948e-05	6.9866e-07	5.5843e-01	
7.8930e-05	1.0732e+03	1.0000e+05	2.8180e-01	2.5127e-02	1.5193e-01	2.4782e-01	9.8852e-03	4.0346e-03	2.6474e-03	6.4744e-05	6.9738e-07	5.5849e-01	
7.9019e-05	1.0732e+03	1.0000e+05	2.8183e-01	2.5014e-02	1.5188e-01	2.4799e-01	9.8336e-03	4.0226e-03	2.6400e-03	6.4543e-05	6.9609e-07	5.5855e-01	
7.9107e-05	1.0732e+03	1.0000e+05	2.8186e-01	2.4901e-02	1.5184e-01	2.4816e-01	9.7825e-03	4.0107e-03	2.6326e-03	6.4344e-05	6.9480e-07	5.5861e-01	
7.9196e-05	1.0732e+03	1.0000e+05	2.8188e-01	2.4790e-02	1.5179e-01	2.4833e-01	9.7318e-03	3.9989e-03	2.6253e-03	6.4143e-05	6.9351e-07	5.5867e-01	
7.9284e-05	1.0732e+03	1.0000e+05	2.8191e-01	2.4679e-02	1.5174e-01	2.4850e-01	9.6815e-03	3.9872e-03	2.6180e-03	6.3942e-05	6.9221e-07	5.5872e-01	
7.9373e-05	1.0732e+03	1.0000e+05	2.8194e-01	2.4569e-02	1.5170e-01	2.4867e-01	9.6316e-03	3.9755e-03	2.6108e-03	6.3744e-05	6.9091e-07	5.5878e-01	
7.9462e-05	1.0732e+03	1.0000e+05	2.8197e-01	2.4459e-02	1.5165e-01	2.4883e-01	9.5822e-03	3.9639e-03	2.6036e-03	6.3548e-05	6.8961e-07	5.5884e-01	
7.9550e-05	1.0732e+03	1.0000e+05	2.8200e-01	2.4351e-02	1.5161e-01	2.4900e-01	9.5332e-03	3.9524e-03	2.5964e-03	6.3352e-05	6.8830e-07	5.5889e-01	
7.9639e-05	1.0732e+03	1.0000e+05	2.8203e-01	2.4243e-02	1.5156e-01	2.4916e-01	9.4846e-03	3.9409e-03	2.5893e-03	6.3153e-05	6.8700e-07	5.5895e-01	
7.9727e-05	1.0732e+03	1.0000e+05	2.8206e-01	2.4137e-02	1.5152e-01	2.4932e-01	9.4364e-03	3.9295e-03	2.5822e-03	6.2957e-05	6.8569e-07	5.5901e-01	
7.9816e-05	1.0732e+03	1.0000e+05	2.8208e-01	2.4030e-02	1.5148e-01	2.4949e-01	9.3886e-03	3.9182e-03	2.5752e-03	6.2765e-05	6.8437e-07	5.5906e-01	
7.9905e-05	1.0732e+03	1.0000e+05	2.8211e-01	2.3925e-02	1.5143e-01	2.4965e-01	9.3413e-03	3.9069e-03	2.5683e-03	6.2573e-05	6.8306e-07	5.5912e-01	
7.9993e-05	1.0732e+03	1.0000e+05	2.8214e-01	2.3821e-02	1.5139e-01	2.4980e-01	9.2943e-03	3.8957e-03	2.5613e-03	6.2378e-05	6.8174e-07	5.5917e-01	
8.0082e-05	1.0732e+03	1.0000e+05	2.8217e-01	2.3717e-02	1.5135e-01	2.4996e-01	9.2477e-03	3.8846e-03	2.5544e-03	6.2185e-05	6.8042e-07	5.5922e-01	
8.0170e-05	1.0732e+03	1.0000e+05	2.8219e-01	2.3614e-02	1.5131e-01	2.5012e-01	9.2015e-03	3.8736e-03	2.5476e-03	6.1996e-05	6.7910e-07	5.5928e-01	
8.0259e-05	1.0732e+03	1.0000e+05	2.8222e-01	2.3512e-02	1.5126e-01	2.5027e-01	9.1557e-03	3.8626e-03	2.5408e-03	6.1807e-05	6.7777e-07	5.5933e-01	
8.0348e-05	1.0732e+03	1.0000e+05	2.8225e-01	2.3410e-02	1.5122e-01	2.5043e-01	9.1103e-03	3.8517e-03	2.5340e-03	6.1616e-05	6.7645e-07	5.5938e-01	
8.0436e-05	1.0732e+03	1.0000e+05	2.8227e-01	2.3309e-02	1.5118e-01	2.5058e-01	9.0652e-03	3.8408e-03	2.5273e-03	6.1426e-05	6.7512e-07	5.5943e-01	
8.0525e-05	1.0732e+03	1.0000e+05	2.8230e-01	2.3209e-02	1.5114e-01	2.5073e-01	9.0205e-03	3.8300e-03	2.5207e-03	6.1239e-05	6.7379e-07	5.5949e-01	
8.0613e-05	1.0732e+03	1.0000e+05	2.8232e-01	2.3110e-02	1.5110e-01	2.5088e-01	8.9762e-03	3.8193e-03	2.5140e-03	6.1053e-05	6.7246e-07	5.5954e-01	
8.0702e-05	1.0732e+03	1.0000e+05	2.8235e-01	2.3011e-02	1.5106e-01	2.5103e-01	8.9323e-03	3.8087e-03	2.5074e-03	6.0865e-05	6.7112e-07	5.5959e-01	
8.0791e-05	1.0732e+03	1.0000e+05	2.8238e-01	2.2913e-02	1.5102e-01	2.5118e-01	8.8887e-03	3.7981e-03	2.5009e-03	6.0681e-05	6.6979e-07	5.5964e-01	
8.0879e-05	1.0732e+03	1.0000e+05	2.8240e-01	2.2816e-02	1.5098e-01	2.5133e-01	8.8455e-03	3.7876e-03	2.4944e-03	6.0498e-05	6.6845e-07	5.5969e-01	
8.0968e-05	1.0732e+03	1.0000e+05	2.8243e-01	2.2719e-02	1.5094e-01	2.5147e-01	8.8026e-03	3.7771e-03	2.4879e-03	6.0314e-05	6.6711e-07	5.5974e-01	
8.1056e-05	1.0732e+03	1.0000e+05	2.8245e-01	2.2623e-02	1.5090e-01	2.5162e-01	8.7601e-03	3.7667e-03	2.4815e-03	6.0130e-05	6.6577e-07	5.5979e-01	
8.1193e-05	1.0732e+03	1.0000e+05	2.8249e-01	2.2477e-02	1.5084e-01	2.5184e-01	8.6952e-03	3.7508e-03	2.4716e-03	5.9850e-05	6.6370e-07	5.5986e-01	
8.1329e-05	1.0732e+03	1.0000e+05	2.8253e-01	2.2332e-02	1.5078e-01	2.5206e-01	8.6312e-03	3.7350e-03	2.4619e-03	5.9572e-05	6.6163e-07	5.5994e-01	
8.1466e-05	1.0732e+03	1.0000e+05	2.8256e-01	2.2188e-02	1.5072e-01	2.5228e-01	8.5679e-03	3.7194e-03	2.4523e-03	5.9295e-05	6.5956e-07	5.6001e-01	
8.1709e-05	1.0732e+03	1.0000e+05	2.8263e-01	2.1937e-02	1.5062e-01	2.5266e-01	8.4575e-03	3.6920e-03	2.4353e-03	5.8809e-05	6.5587e-07	5.6014e-01	
8.1951e-05	1.0732e+03	1.0000e+05	2.8269e-01	2.1690e-02	1.5052e-01	2.5303e-01	8.3494e-03	3.6650e-03	2.4187e-03	5.8328e-05	6.5217e-07	5.6027e-01	
8.2317e-05	1.0732e+03	1.0000e+05	2.8279e-01	2.1327e-02	1.5037e-01	2.5358e-01	8.1908e-03	3.6251e-03	2.3942e-03	5.7614e-05	6.4658e-07	5.6046e-01	
8.2683e-05	1.0732e+03	1.0000e+05	2.8288e-01	2.0974e-02	1.5023e-01	2.5411e-01	8.0373e-03	3.5862e-03	2.3702e-03	5.6913e-05	6.4099e-07	5.6064e-01	
8.3049e-05	1.0732e+03	1.0000e+05	2.8297e-01	2.0630e-02	1.5009e-01	2.5463e-01	7.8887e-03	3.5481e-03	2.3469e-03	5.6225e-05	6.3539e-07	5.6081e-01	
8.3736e-05	1.0732e+03	1.0000e+05	2.8313e-01	2.0010e-02	1.4984e-01	2.5556e-01	7.6224e-03	3.4792e-03	2.3046e-03	5.4969e-05	6.2490e-07	5.6113e-01	
8.4422e-05	1.0732e+03	1.0000e+05	2.8328e-01	1.9420e-02	1.4960e-01	2.5645e-01	7.3713e-03	3.4132e-03	2.2643e-03	5.3756e-05	6.1443e-07	5.6143e-01	
8.5109e-05	1.0732e+03	1.0000e+05	2.8342e-01	1.8858e-02	1.4937e-01	2.5729e-01	7.1342e-03	3.3499e-03	2.2258e-03	5.2584e-05	6.0401e-07	5.6172e-01	
8.5795e-05	1.0732e+03	1.0000e+05	2.8356e-01	1.8323e-02	1.4916e-01	2.5809e-01	6.9103e-03	3.2892e-03	2.1890e-03	5.1453e-05	5.9366e-07	5.6199e-01	
8.6481e-05	1.0732e+03	1.0000e+05	2.8369e-01	1.7812e-02	1.4895e-01	2.5886e-01	6.6984e-03	3.2310e-03	2.1538e-03	5.0361e-05	5.8338e-07	5.6225e-01	
8.7168e-05	1.0732e+03	1.0000e+05	2.8381e-01	1.7324e-02	1.4875e-01	2.5959e-01	6.4976e-03	3.1750e-03	2.1201e-03	4.9306e-05	5.7319e-07	5.6249e-01	
8.7854e-05	1.0732e+03	1.0000e+05	2.8393e-01	1.6858e-02	1.4857e-01	2.6028e-01	6.3073e-03	3.1212e-03	2.0879e-03	4.8287e-05	5.6312e-07	5.6273e-01	
8.8541e-05	1.0732e+03	1.0000e+05	2.8405e-01	1.6411e-02	1.4839e-01	2.6095e-01	6.1266e-03	3.0695e-03	2.0570e-03	4.7302e-05	5.5315e-07	5.6295e-01	
8.9227e-05	1.0732e+03	1.0000e+05	2.8415e-01	1.5984e-02	1.4822e-01	2.6158e-01	5.9549e-03	3.0197e-03	2.0274e-03	4.6350e-05	5.4331e-07	5.6316e-01	
8.9913e-05	1.0732e+03	1.0000e+05	2.8426e-01	1.5574e-02	1.4806e-01	2.6219e-01	5.7916e-03	2.9717e-03	1.9990e-03	4.5430e-05	5.3360e-07	5.6337e-01	
9.0600e-05	1.0732e+03	1.0000e+05	2.8436e-01	1.5182e-02	1.4790e-01	2.6277e-01	5.6361e-03	2.9254e-03	1.9717e-03	4.4540e-05	5.2403e-07	5.6356e-01	
9.1286e-05	1.0732e+03	1.0000e+05	2.8445e-01	1.4805e-02	1.4775e-01	2.6333e-01	5.4879e-03	2.8807e-03	1.9455e-03	4.3680e-05	5.1459e-07	5.6375e-01	
9.1973e-05	1.0732e+03	1.0000e+05	2.8454e-01	1.4443e-02	1.4761e-01	2.6387e-01	5.3465e-03	2.8376e-03	1.9203e-03	4.2847e-05	5.0531e-07	5.6393e-01	
9.2659e-05	1.0732e+03	1.0000e+05	2.8463e-01	1.4095e-02	1.4747e-01	2.6438e-01	5.2116e-03	2.7959e-03	1.8961e-03	4.2040e-05	4.9617e-07	5.6410e-01	
9.3346e-05	1.0732e+03	1.0000e+05	2.8471e-01	1.3760e-02	1.4734e-01	2.6488e-01	5.0826e-03	2.7556e-03	1.8728e-03	4.1260e-05	4.8719e-07	5.6427e-01	
9.4032e-05	1.0732e+03	1.0000e+05	2.8479e-01	1.3438e-02	1.4721e-01	2.6535e-01	4.9592e-03	2.7167e-03	1.8503e-03	4.0504e-05	4.7836e-07	5.6443e-01	
9.4718e-05	1.0732e+03	1.0000e+05	2.8487e-01	1.3129e-02	1.4709e-01	2.6581e-01	4.8410e-03	2.6789e-03	1.8287e-03	3.9771e-05	4.6968e-07	5.6458e-01	
9.5405e-05	1.0732e+03	1.0000e+05	2.8494e-01	1.2830e-02	1.4698e-01	2.6625e-01	4.7279e-03	2.6424e-03	1.8078e-03	3.9061e-05	4.6116e-07	5.6473e-01	
9.6091e-05	1.0732e+03	1.0000e+05	2.8502e-01	1.2542e-02	1.4686e-01	2.6667e-01	4.6193e-03	2.6069e-03	1.7876e-03	3.8372e-05	4.5279e-07	5.6487e-01	
9.6778e-05	1.0732e+03	1.0000e+05	2.8508e-01	1.2264e-02	1.4676e-01	2.6708e-01	4.5152e-03	2.5725e-03	1.7682e-03	3.7705e-05	4.4458e-07	5.6501e-01	
9.7464e-05	1.0732e+03	1.0000e+05	2.8515e-01	1.1997e-02	1.4665e-01	2.6747e-01	4.4152e-03	2.5392e-03	1.7494e-03	3.7057e-05	4.3653e-07	5.6514e-01	
9.8151e-05	1.0732e+03	1.0000e+05	2.8521e-01	1.1738e-02	1.4655e-01	2.6785e-01	4.3191e-03	2.5068e-03	1.7312e-03	3.6427e-05	4.2862e-07	5.6527e-01	
9.8837e-05	1.0732e+03	1.0000e+05	2.8528e-01	1.1488e-02	1.4645e-01	2.6822e-01	4.2267e-03	2.4753e-03	1.7136e-03	3.5817e-05	4.2087e-07	5.6539e-01	
9.9523e-05	1.0732e+03	1.0000e+05	2.8534e-01	1.1247e-02	1.4636e-01	2.6857e-01	4.1377e-03	2.4447e-03	1.6966e-03	3.5224e-05	4.1327e-07	5.6551e-01	
1.0021e-04	1.0732e+03	1.0000e+05	2.8539e-01	1.1013e-02	1.4627e-01	2.6891e-01	4.0521e-03	2.4150e-03	1.6801e-03	3.4646e-05	4.0583e-07	5.6562e-01	
1.0090e-04	1.0732e+03	1.0000e+05	2.8545e-01	1.0787e-02	1.4618e-01	2.6924e-01	3.9695e-03	2.3860e-03	1.6642e-03	3.4086e-05	3.9852e-07	5.6573e-01	
1.0158e-04	1.0732e+03	1.0000e+05	2.8550e-01	1.0569e-02	1.4610e-01	2.6956e-01	3.8899e-03	2.3579e-03	1.6487e-03	3.3541e-05	3.9137e-07	5.6584e-01	
1.0227e-04	1.0732e+03	1.0000e+05	2.8556e-01	1.0357e-02	1.4602e-01	2.6987e-01	3.8132e-03	2.3304e-03	1.6336e-03	3.3012e-05	3.8436e-07	5.6594e-01	
1.0296e-04	1.0732e+03	1.0000e+05	2.8561e-01	1.0152e-02	1.4594e-01	2.7017e-01	3.7390e-03	2.3037e-03	1.6191e-03	3.2495e-05	3.7749e-07	5.6604e-01	
1.0364e-04	1.0732e+03	1.0000e+05	2.8565e-01	9.9534e-03	1.4586e-01	2.7046e-01	3.6674e-03	2.2776e-03	1.6049e-03	3.1992e-05	3.7076e-07	5.6614e-01	
1.0433e-04	1.0732e+03	1.0000e+05	2.8570e-01	9.7608e-03	1.4579e-01	2.7074e-01	3.5982e-03	2.2522e-03	1.5912e-03	3.1505e-05	3.6417e-07	5.6623e-01	
1.0501e-04	1.0732e+03	1.0000e+05	2.8575e-01	9.5741e-03	1.4572e-01	2.7102e-01	3.5313e-03	2.2273e-03	1.5778e-03	3.1030e-05	3.5771e-07	5.6632e-01	
1.0570e-04	1.0732e+03	1.0000e+05	2.8579e-01	9.3930e-03	1.4565e-01	2.7128e-01	3.4666e-03	2.2031e-03	1.5648e-03	3.0565e-05	3.5138e-07	5.6641e-01	
1.0639e-04	1.0732e+03	1.0000e+05	2.8584e-01	9.2173e-03	1.4558e-01	2.7154e-01	3.4039e-03	2.1795e-03	1.5522e-03	3.0112e-05	3.4519e-07	5.6650e-01	
1.0707e-04	1.0732e+03	1.0000e+05	2.8588e-01	9.0467e-03	1.4552e-01	2.7179e-01	3.3432e-03	2.1564e-03	1.5399e-03	2.9673e-05	3.3912e-07	5.6658e-01	
1.0776e-04	1.0732e+03	1.0000e+05	2.8592e-01	8.8811e-03	1.4546e-01	2.7203e-01	3.2844e-03	2.1338e-03	1.5278e-03	2.9245e-05	3.3317e-07	5.6666e-01	
1.0845e-04	1.0732e+03	1.0000e+05	2.8596e-01	8.7201e-03	1.4539e-01	2.7226e-01	3.2274e-03	2.1118e-03	1.5161e-03	2.8823e-05	3.2735e-07	5.6674e-01	
1.0913e-04	1.0732e+03	1.0000e+05	2.8600e-01	8.5638e-03	1.4534e-01	2.7249e-01	3.1721e-03	2.0902e-03	1.5048e-03	2.8412e-05	3.2166e-07	5.6681e-01	
1.0982e-04	1.0732e+03	1.0000e+05	2.8603e-01	8.4118e-03	1.4528e-01	2.7271e-01	3.1184e-03	2.0691e-03	1.4937e-03	2.8016e-05	3.1607e-07	5.6689e-01	
1.1029e-04	1.0732e+03	1.0000e+05	2.8606e-01	8.3112e-03	1.4524e-01	2.7286e-01	3.0830e-03	2.0550e-03	1.4863e-03	2.7751e-05	3.1236e-07	5.6694e-01	
1.1075e-04	1.0732e+03	1.0000e+05	2.8608e-01	8.2124e-03	1.4520e-01	2.7300e-01	3.0482e-03	2.0412e-03	1.4791e-03	2.7490e-05	3.0869e-07	5.6699e-01	
1.1122e-04	1.0732e+03	1.0000e+05	2.8611e-01	8.1155e-03	1.4517e-01	2.7314e-01	3.0141e-03	2.0275e-03	1.4719e-03	2.7235e-05	3.0508e-07	5.6703e-01	
1.1168e-04	1.0732e+03	1.0000e+05	2.8613e-01	8.0204e-03	1.4513e-01	2.7328e-01	2.9807e-03	2.0141e-03	1.4649e-03	2.6981e-05	3.0151e-07	5.6708e-01	
1.1215e-04	1.0732e+03	1.0000e+05	2.8615e-01	7.9270e-03	1.4510e-01	2.7342e-01	2.9479e-03	2.0008e-03	1.4580e-03	2.6732e-05	2.9800e-07	5.6712e-01	
1.1261e-04	1.0732e+03	1.0000e+05	2.8617e-01	7.8354e-03	1.4506e-01	2.7355e-01	2.9158e-03	1.9877e-03	1.4512e-03	2.6488e-05	2.9453e-07	5.6717e-01	
1.1308e-04	1.0732e+03	1.0000e+05	2.8620e-01	7.7453e-03	1.4503e-01	2.7368e-01	2.8842e-03	1.9748e-03	1.4445e-03	2.6247e-05	2.9112e-07	5.6721e-01	
1.1378e-04	1.0732e+03	1.0000e+05	2.8623e-01	7.6133e-03	1.4498e-01	2.7388e-01	2.8380e-03	1.9558e-03	1.4347e-03	2.5892e-05	2.8608e-07	5.6728e-01	
1.1447e-04	1.0732e+03	1.0000e+05	2.8626e-01	7.4848e-03	1.4493e-01	2.7406e-01	2.7930e-03	1.9372e-03	1.4251e-03	2.5546e-05	2.8115e-07	5.6734e-01	
1.1517e-04	1.0732e+03	1.0000e+05	2.8629e-01	7.3596e-03	1.4488e-01	2.7425e-01	2.7493e-03	1.9189e-03	1.4157e-03	2.5207e-05	2.7633e-07	5.6740e-01	
1.1587e-04	1.0732e+03	1.0000e+05	2.8632e-01	7.2377e-03	1.4484e-01	2.7442e-01	2.7067e-03	1.9010e-03	1.4065e-03	2.4876e-05	2.7160e-07	5.6746e-01	
1.1699e-04	1.0732e+03	1.0000e+05	2.8637e-01	7.0496e-03	1.4477e-01	2.7470e-01	2.6411e-03	1.8731e-03	1.3923e-03	2.4363e-05	2.6426e-07	5.6755e-01	
1.1810e-04	1.0732e+03	1.0000e+05	2.8641e-01	6.8690e-03	1.4470e-01	2.7496e-01	2.5782e-03	1.8461e-03	1.3785e-03	2.3867e-05	2.5716e-07	5.6764e-01	
1.1922e-04	1.0732e+03	1.0000e+05	2.8646e-01	6.6956e-03	1.4464e-01	2.7521e-01	2.5178e-03	1.8198e-03	1.3652e-03	2.3388e-05	2.5029e-07	5.6772e-01	
1.2033e-04	1.0732e+03	1.0000e+05	2.8650e-01	6.5291e-03	1.4458e-01	2.7546e-01	2.4598e-03	1.7943e-03	1.3523e-03	2.2925e-05	2.4365e-07	5.6781e-01	
1.2273e-04	1.0732e+03	1.0000e+05	2.8658e-01	6.1918e-03	1.4446e-01	2.7595e-01	2.3425e-03	1.7419e-03	1.3259e-03	2.1978e-05	2.3007e-07	5.6797e-01	
1.2513e-04	1.0732e+03	1.0000e+05	2.8666e-01	5.8811e-03	1.4434e-01	2.7640e-01	2.2344e-03	1.6924e-03	1.3012e-03	2.1096e-05	2.1742e-07	5.6812e-01	
1.2753e-04	1.0732e+03	1.0000e+05	2.8673e-01	5.5945e-03	1.4424e-01	2.7682e-01	2.1346e-03	1.6458e-03	1.2780e-03	2.0271e-05	2.0563e-07	5.6827e-01	
1.2994e-04	1.0732e+03	1.0000e+05	2.8679e-01	5.3292e-03	1.4414e-01	2.7721e-01	2.0421e-03	1.6016e-03	1.2561e-03	1.9498e-05	1.9463e-07	5.6840e-01	
1.3234e-04	1.0732e+03	1.0000e+05	2.8686e-01	5.0832e-03	1.4406e-01	2.7757e-01	1.9562e-03	1.5597e-03	1.2355e-03	1.8773e-05	1.8436e-07	5.6852e-01	
1.3474e-04	1.0732e+03	1.0000e+05	2.8691e-01	4.8548e-03	1.4398e-01	2.7791e-01	1.8761e-03	1.5200e-03	1.2159e-03	1.8092e-05	1.7477e-07	5.6863e-01	
1.3714e-04	1.0732e+03	1.0000e+05	2.8697e-01	4.6423e-03	1.4390e-01	2.7822e-01	1.8015e-03	1.4822e-03	1.1974e-03	1.7451e-05	1.6580e-07	5.6874e-01	
1.3954e-04	1.0732e+03	1.0000e+05	2.8702e-01	4.4442e-03	1.4383e-01	2.7851e-01	1.7317e-03	1.4462e-03	1.1798e-03	1.6846e-05	1.5740e-07	5.6884e-01	
1.4194e-04	1.0732e+03	1.0000e+05	2.8706e-01	4.2592e-03	1.4377e-01	2.7878e-01	1.6663e-03	1.4119e-03	1.1630e-03	1.6274e-05	1.4954e-07	5.6893e-01	
1.4434e-04	1.0732e+03	1.0000e+05	2.8711e-01	4.0863e-03	1.4371e-01	2.7904e-01	1.6049e-03	1.3791e-03	1.1470e-03	1.5734e-05	1.4218e-07	5.6902e-01	
1.4674e-04	1.0732e+03	1.0000e+05	2.8715e-01	3.9243e-03	1.4366e-01	2.7928e-01	1.5471e-03	1.3478e-03	1.1317e-03	1.5223e-05	1.3526e-07	5.6910e-01	
1.4914e-04	1.0732e+03	1.0000e+05	2.8719e-01	3.7724e-03	1.4360e-01	2.7950e-01	1.4928e-03	1.3178e-03	1.1170e-03	1.4738e-05	1.2878e-07	5.6918e-01	
1.5155e-04	1.0732e+03	1.0000e+05	2.8722e-01	3.6297e-03	1.4356e-01	2.7972e-01	1.4415e-03	1.2891e-03	1.1030e-03	1.4278e-05	1.2268e-07	5.6925e-01	
1.5395e-04	1.0732e+03	1.0000e+05	2.8726e-01	3.4956e-03	1.4351e-01	2.7992e-01	1.3930e-03	1.2615e-03	1.0895e-03	1.3840e-05	1.1695e-07	5.6932e-01	
1.5635e-04	1.0732e+03	1.0000e+05	2.8729e-01	3.3693e-03	1.4347e-01	2.8010e-01	1.3472e-03	1.2350e-03	1.0766e-03	1.3424e-05	1.1156e-07	5.6938e-01	
1.5875e-04	1.0732e+03	1.0000e+05	2.8732e-01	3.2502e-03	1.4343e-01	2.8028e-01	1.3038e-03	1.2096e-03	1.0641e-03	1.3028e-05	1.0649e-07	5.6945e-01	
1.6115e-04	1.0732e+03	1.0000e+05	2.8735e-01	3.1378e-03	1.4340e-01	2.8045e-01	1.2627e-03	1.1852e-03	1.0521e-03	1.2651e-05	1.0171e-07	5.6950e-01	
1.6355e-04	1.0732e+03	1.0000e+05	2.8738e-01	3.0317e-03	1.4336e-01	2.8061e-01	1.2236e-03	1.1617e-03	1.0405e-03	1.2291e-05	9.7204e-08	5.6956e-01	
1.6595e-04	1.0732e+03	1.0000e+05	2.8741e-01	2.9313e-03	1.4333e-01	2.8076e-01	1.1865e-03	1.1390e-03	1.0293e-03	1.1947e-05	9.2952e-08	5.6961e-01	
1.6835e-04	1.0732e+03	1.0000e+05	2.8743e-01	2.8362e-03	1.4330e-01	2.8090e-01	1.1512e-03	1.1172e-03	1.0185e-03	1.1618e-05	8.8938e-08	5.6966e-01	
1.7075e-04	1.0732e+03	1.0000e+05	2.8746e-01	2.7461e-03	1.4327e-01	2.8104e-01	1.1176e-03	1.0962e-03	1.0080e-03	1.1304e-05	8.5146e-08	5.6971e-01	
1.7316e-04	1.0732e+03	1.0000e+05	2.8748e-01	2.6607e-03	1.4324e-01	2.8117e-01	1.0855e-03	1.0759e-03	9.9790e-04	1.1003e-05	8.1561e-08	5.6975e-01	
1.7556e-04	1.0732e+03	1.0000e+05	2.8750e-01	2.5795e-03	1.4322e-01	2.8129e-01	1.0549e-03	1.0563e-03	9.8810e-04	1.0715e-05	7.8170e-08	5.6980e-01	
1.7796e-04	1.0732e+03	1.0000e+05	2.8752e-01	2.5024e-03	1.4320e-01	2.8141e-01	1.0257e-03	1.0373e-03	9.7857e-04	1.0439e-05	7.4960e-08	5.6984e-01	
1.8036e-04	1.0732e+03	1.0000e+05	2.8754e-01	2.4291e-03	1.4317e-01	2.8152e-01	9.9780e-04	1.0190e-03	9.6932e-04	1.0174e-05	7.1919e-08	5.6988e-01	
1.8276e-04	1.0732e+03	1.0000e+05	2.8756e-01	2.3593e-03	1.4315e-01	2.8163e-01	9.7110e-04	1.0013e-03	9.6036e-04	9.9197e-06	6.9038e-08	5.6992e-01	
1.8516e-04	1.0732e+03	1.0000e+05	2.8758e-01	2.2927e-03	1.4313e-01	2.8173e-01	9.4554e-04	9.8416e-04	9.5166e-04	9.6755e-06	6.6306e-08	5.6995e-01	
1.8756e-04	1.0732e+03	1.0000e+05	2.8760e-01	2.2293e-03	1.4311e-01	2.8183e-01	9.2106e-04	9.6757e-04	9.4319e-04	9.4410e-06	6.3713e-08	5.6999e-01	
1.8996e-04	1.0732e+03	1.0000e+05	2.8761e-01	2.1688e-03	1.4310e-01	2.8192e-01	8.9760e-04	9.5150e-04	9.3493e-04	9.2154e-06	6.1251e-08	5.7002e-01	
1.9236e-04	1.0732e+03	1.0000e+05	2.8763e-01	2.1110e-03	1.4308e-01	2.8201e-01	8.7509e-04	9.3592e-04	9.2690e-04	8.9984e-06	5.8913e-08	5.7005e-01	
1.9477e-04	1.0732e+03	1.0000e+05	2.8764e-01	2.0558e-03	1.4307e-01	2.8209e-01	8.5347e-04	9.2083e-04	9.1911e-04	8.7893e-06	5.6691e-08	5.7008e-01	
1.9717e-04	1.0732e+03	1.0000e+05	2.8766e-01	2.0029e-03	1.4305e-01	2.8218e-01	8.3272e-04	9.0618e-04	9.1150e-04	8.5880e-06	5.4578e-08	5.7011e-01	
1.9957e-04	1.0732e+03	1.0000e+05	2.8767e-01	1.9524e-03	1.4304e-01	2.8225e-01	8.1278e-04	8.9197e-04	9.0406e-04	8.3942e-06	5.2567e-08	5.7014e-01	
2.0197e-04	1.0732e+03	1.0000e+05	2.8769e-01	1.9040e-03	1.4302e-01	2.8233e-01	7.9359e-04	8.7817e-04	8.9681e-04	8.2072e-06	5.0652e-08	5.7017e-01	
2.0437e-04	1.0732e+03	1.0000e+05	2.8770e-01	1.8576e-03	1.4301e-01	2.8240e-01	7.7512e-04	8.6478e-04	8.8976e-04	8.0266e-06	4.8829e-08	5.7019e-01	
2.0677e-04	1.0732e+03	1.0000e+05	2.8771e-01	1.8132e-03	1.4300e-01	2.8247e-01	7.5735e-04	8.5176e-04	8.8287e-04	7.8526e-06	4.7092e-08	5.7022e-01	
2.0917e-04	1.0732e+03	1.0000e+05	2.8773e-01	1.7705e-03	1.4299e-01	2.8254e-01	7.4024e-04	8.3911e-04	8.7611e-04	7.6846e-06	4.5435e-08	5.7024e-01	
2.1157e-04	1.0732e+03	1.0000e+05	2.8774e-01	1.7295e-03	1.4298e-01	2.8260e-01	7.2374e-04	8.2681e-04	8.6952e-04	7.5223e-06	4.3855e-08	5.7026e-01	
2.1397e-04	1.0732e+03	1.0000e+05	2.8775e-01	1.6902e-03	1.4297e-01	2.8266e-01	7.0782e-04	8.1485e-04	8.6310e-04	7.3652e-06	4.2347e-08	5.7029e-01	
2.1638e-04	1.0732e+03	1.0000e+05	2.8776e-01	1.6524e-03	1.4296e-01	2.8272e-01	6.9247e-04	8.0321e-04	8.5680e-04	7.2136e-06	4.0907e-08	5.7031e-01	
2.1878e-04	1.0732e+03	1.0000e+05	2.8777e-01	1.6160e-03	1.4295e-01	2.8278e-01	6.7765e-04	7.9188e-04	8.5064e-04	7.0669e-06	3.9531e-08	5.7033e-01	
2.2118e-04	1.0732e+03	1.0000e+05	2.8778e-01	1.5810e-03	1.4294e-01	2.8284e-01	6.6334e-04	7.8086e-04	8.4461e-04	6.9249e-06	3.8216e-08	5.7035e-01	
2.2358e-04	1.0732e+03	1.0000e+05	2.8779e-01	1.5474e-03	1.4293e-01	2.8289e-01	6.4952e-04	7.7012e-04	8.3872e-04	6.7875e-06	3.6959e-08	5.7037e-01	
2.2598e-04	1.0732e+03	1.0000e+05	2.8780e-01	1.5149e-03	1.4292e-01	2.8294e-01	6.3615e-04	7.5966e-04	8.3294e-04	6.6544e-06	3.5756e-08	5.7039e-01	
2.2838e-04	1.0732e+03	1.0000e+05	2.8781e-01	1.4837e-03	1.4291e-01	2.8299e-01	6.2324e-04	7.4946e-04	8.2728e-04	6.5255e-06	3.4605e-08	5.7041e-01	
2.3263e-04	1.0732e+03	1.0000e+05	2.8782e-01	1.4310e-03	1.4290e-01	2.8307e-01	6.0138e-04	7.3204e-04	8.1754e-04	6.3069e-06	3.2686e-08	5.7044e-01	
2.3689e-04	1.0732e+03	1.0000e+05	2.8784e-01	1.3816e-03	1.4289e-01	2.8315e-01	5.8074e-04	7.1537e-04	8.0813e-04	6.0999e-06	3.0906e-08	5.7047e-01	
2.4114e-04	1.0732e+03	1.0000e+05	2.8785e-01	1.3352e-03	1.4288e-01	2.8323e-01	5.6124e-04	6.9941e-04	7.9904e-04	5.9037e-06	2.9255e-08	5.7049e-01	
2.4539e-04	1.0732e+03	1.0000e+05	2.8787e-01	1.2915e-03	1.4287e-01	2.8330e-01	5.4277e-04	6.8412e-04	7.9026e-04	5.7175e-06	2.7720e-08	5.7052e-01	
2.4964e-04	1.0732e+03	1.0000e+05	2.8788e-01	1.2502e-03	1.4286e-01	2.8337e-01	5.2527e-04	6.6945e-04	7.8176e-04	5.5406e-06	2.6291e-08	5.7054e-01	
2.5389e-04	1.0732e+03	1.0000e+05	2.8789e-01	1.2113e-03	1.4285e-01	2.8343e-01	5.0868e-04	6.5538e-04	7.7352e-04	5.3724e-06	2.4961e-08	5.7057e-01	
2.5815e-04	1.0732e+03	1.0000e+05	2.8790e-01	1.1746e-03	1.4284e-01	2.8349e-01	4.9293e-04	6.4187e-04	7.6554e-04	5.2125e-06	2.3719e-08	5.7059e-01	
2.6240e-04	1.0732e+03	1.0000e+05	2.8791e-01	1.1398e-03	1.4283e-01	2.8355e-01	4.7796e-04	6.2888e-04	7.5780e-04	5.0600e-06	2.2561e-08	5.7061e-01	
2.6665e-04	1.0732e+03	1.0000e+05	2.8792e-01	1.1068e-03	1.4283e-01	2.8360e-01	4.6372e-04	6.1639e-04	7.5030e-04	4.9147e-06	2.1477e-08	5.7063e-01	
2.7090e-04	1.0732e+03	1.0000e+05	2.8793e-01	1.0756e-03	1.4282e-01	2.8365e-01	4.5016e-04	6.0436e-04	7.4301e-04	4.7761e-06	2.0464e-08	5.7065e-01	
2.7516e-04	1.0732e+03	1.0000e+05	2.8794e-01	1.0459e-03	1.4282e-01	2.8370e-01	4.3724e-04	5.9279e-04	7.3593e-04	4.6438e-06	1.9515e-08	5.7067e-01	
2.7941e-04	1.0732e+03	1.0000e+05	2.8795e-01	1.0177e-03	1.4281e-01	2.8375e-01	4.2491e-04	5.8163e-04	7.2904e-04	4.5174e-06	1.8624e-08	5.7069e-01	
2.8643e-04	1.0732e+03	1.0000e+05	2.8796e-01	9.7415e-04	1.4280e-01	2.8382e-01	4.0577e-04	5.6408e-04	7.1809e-04	4.3205e-06	1.7272e-08	5.7071e-01	
2.9345e-04	1.0732e+03	1.0000e+05	2.8798e-01	9.3390e-04	1.4279e-01	2.8389e-01	3.8800e-04	5.4752e-04	7.0761e-04	4.1373e-06	1.6051e-08	5.7074e-01	
3.0047e-04	1.0732e+03	1.0000e+05	2.8799e-01	8.9667e-04	1.4279e-01	2.8395e-01	3.7149e-04	5.3189e-04	6.9758e-04	3.9665e-06	1.4947e-08	5.7076e-01	
3.0750e-04	1.0732e+03	1.0000e+05	2.8800e-01	8.6212e-04	1.4278e-01	2.8401e-01	3.5610e-04	5.1710e-04	6.8796e-04	3.8070e-06	1.3944e-08	5.7078e-01	
3.1452e-04	1.0732e+03	1.0000e+05	2.8801e-01	8.3000e-04	1.4278e-01	2.8406e-01	3.4173e-04	5.0310e-04	6.7874e-04	3.6577e-06	1.3032e-08	5.7080e-01	
3.2154e-04	1.0732e+03	1.0000e+05	2.8802e-01	8.0007e-04	1.4277e-01	2.8411e-01	3.2829e-04	4.8982e-04	6.6987e-04	3.5179e-06	1.2202e-08	5.7082e-01	
3.2856e-04	1.0732e+03	1.0000e+05	2.8803e-01	7.7214e-04	1.4277e-01	2.8416e-01	3.1572e-04	4.7722e-04	6.6134e-04	3.3867e-06	1.1443e-08	5.7084e-01	
3.3559e-04	1.0732e+03	1.0000e+05	2.8804e-01	7.4601e-04	1.4277e-01	2.8420e-01	3.0392e-04	4.6524e-04	6.5313e-04	3.2634e-06	1.0749e-08	5.7086e-01	
3.4261e-04	1.0732e+03	1.0000e+05	2.8804e-01	7.2153e-04	1.4276e-01	2.8425e-01	2.9282e-04	4.5383e-04	6.4524e-04	3.1473e-06	1.0113e-08	5.7088e-01	
3.4963e-04	1.0732e+03	1.0000e+05	2.8805e-01	6.9854e-04	1.4276e-01	2.8429e-01	2.8240e-04	4.4297e-04	6.3762e-04	3.0379e-06	9.5283e-09	5.7089e-01	
3.5665e-04	1.0732e+03	1.0000e+05	2.8806e-01	6.7693e-04	1.4276e-01	2.8432e-01	2.7258e-04	4.3261e-04	6.3025e-04	2.9348e-06	8.9900e-09	5.7091e-01	
3.6368e-04	1.0732e+03	1.0000e+05	2.8807e-01	6.5658e-04	1.4275e-01	2.8436e-01	2.6331e-04	4.2272e-04	6.2314e-04	2.8373e-06	8.4937e-09	5.7092e-01	
3.7070e-04	1.0732e+03	1.0000e+05	2.8807e-01	6.3739e-04	1.4275e-01	2.8439e-01	2.5454e-04	4.1328e-04	6.1629e-04	2.7450e-06	8.0362e-09	5.7093e-01	
3.7772e-04	1.0732e+03	1.0000e+05	2.8808e-01	6.1926e-04	1.4275e-01	2.8442e-01	2.4627e-04	4.0424e-04	6.0965e-04	2.6577e-06	7.6129e-09	5.7094e-01	
3.8474e-04	1.0732e+03	1.0000e+05	2.8809e-01	6.0211e-04	1.4275e-01	2.8445e-01	2.3844e-04	3.9558e-04	6.0321e-04	2.5750e-06	7.2199e-09	5.7096e-01	
3.9176e-04	1.0732e+03	1.0000e+05	2.8809e-01	5.8587e-04	1.4275e-01	2.8448e-01	2.3102e-04	3.8730e-04	5.9697e-04	2.4965e-06	6.8552e-09	5.7097e-01	
3.9879e-04	1.0732e+03	1.0000e+05	2.8810e-01	5.7047e-04	1.4275e-01	2.8451e-01	2.2396e-04	3.7935e-04	5.9095e-04	2.4218e-06	6.5174e-09	5.7098e-01	
4.0581e-04	1.0732e+03	1.0000e+05	2.8810e-01	5.5585e-04	1.4275e-01	2.8454e-01	2.1726e-04	3.7172e-04	5.8511e-04	2.3509e-06	6.2030e-09	5.7099e-01	
4.1283e-04	1.0732e+03	1.0000e+05	2.8811e-01	5.4195e-04	1.4274e-01	2.8456e-01	2.1091e-04	3.6440e-04	5.7942e-04	2.2834e-06	5.9091e-09	5.7100e-01	
4.1985e-04	1.0732e+03	1.0000e+05	2.8811e-01	5.2872e-04	1.4274e-01	2.8458e-01	2.0485e-04	3.5736e-04	5.7390e-04	2.2191e-06	5.6353e-09	5.7101e-01	
4.2495e-04	1.0732e+03	1.0000e+05	2.8811e-01	5.1952e-04	1.4274e-01	2.8460e-01	2.0064e-04	3.5242e-04	5.7001e-04	2.1743e-06	5.4482e-09	5.7101e-01	
4.3004e-04	1.0732e+03	1.0000e+05	2.8812e-01	5.1063e-04	1.4274e-01	2.8462e-01	1.9657e-04	3.4762e-04	5.6620e-04	2.1310e-06	5.2701e-09	5.7102e-01	
4.3513e-04	1.0732e+03	1.0000e+05	2.8812e-01	5.0204e-04	1.4274e-01	2.8463e-01	1.9264e-04	3.4295e-04	5.6245e-04	2.0892e-06	5.0999e-09	5.7102e-01	
4.4023e-04	1.0732e+03	1.0000e+05	2.8812e-01	4.9374e-04	1.4274e-01	2.8465e-01	1.8884e-04	3.3841e-04	5.5879e-04	2.0487e-06	4.9377e-09	5.7103e-01	
4.4532e-04	1.0732e+03	1.0000e+05	2.8813e-01	4.8570e-04	1.4274e-01	2.8466e-01	1.8516e-04	3.3399e-04	5.5521e-04	2.0095e-06	4.7834e-09	5.7104e-01	
4.5042e-04	1.0732e+03	1.0000e+05	2.8813e-01	4.7793e-04	1.4274e-01	2.8468e-01	1.8160e-04	3.2968e-04	5.5170e-04	1.9715e-06	4.6360e-09	5.7104e-01	
4.5551e-04	1.0732e+03	1.0000e+05	2.8813e-01	4.7039e-04	1.4274e-01	2.8469e-01	1.7817e-04	3.2548e-04	5.4823e-04	1.9349e-06	4.4946e-09	5.7105e-01	
4.6060e-04	1.0732e+03	1.0000e+05	2.8813e-01	4.6310e-04	1.4274e-01	2.8470e-01	1.7484e-04	3.2139e-04	5.4483e-04	1.8994e-06	4.3597e-09	5.7105e-01	
4.6570e-04	1.0732e+03	1.0000e+05	2.8814e-01	4.5602e-04	1.4274e-01	2.8471e-01	1.7161e-04	3.1740e-04	5.4152e-04	1.8649e-06	4.2308e-09	5.7106e-01	
4.7079e-04	1.0732e+03	1.0000e+05	2.8814e-01	4.4917e-04	1.4274e-01	2.8473e-01	1.6848e-04	3.1352e-04	5.3827e-04	1.8314e-06	4.1077e-09	5.7106e-01	
4.7588e-04	1.0732e+03	1.0000e+05	2.8814e-01	4.4251e-04	1.4274e-01	2.8474e-01	1.6546e-04	3.0972e-04	5.3505e-04	1.7991e-06	3.9892e-09	5.7107e-01	
4.7946e-04	1.0732e+03	1.0000e+05	2.8814e-01	4.3796e-04	1.4274e-01	2.8475e-01	1.6339e-04	3.0712e-04	5.3284e-04	1.7769e-06	3.9091e-09	5.7107e-01	
4.8303e-04	1.0732e+03	1.0000e+05	2.8814e-01	4.3351e-04	1.4274e-01	2.8476e-01	1.6136e-04	3.0456e-04	5.3067e-04	1.7551e-06	3.8316e-09	5.7107e-01	
4.8660e-04	1.0732e+03	1.0000e+05	2.8815e-01	4.2914e-04	1.4274e-01	2.8476e-01	1.5937e-04	3.0205e-04	5.2852e-04	1.7339e-06	3.7564e-09	5.7108e-01	
4.9017e-04	1.0732e+03	1.0000e+05	2.8815e-01	4.2486e-04	1.4274e-01	2.8477e-01	1.5743e-04	2.9957e-04	5.2637e-04	1.7131e-06	3.6829e-09	5.7108e-01	
4.9375e-04	1.0732e+03	1.0000e+05	2.8815e-01	4.2067e-04	1.4274e-01	2.8478e-01	1.5553e-04	2.9714e-04	5.2428e-04	1.6927e-06	3.6118e-09	5.7108e-01	
4.9732e-04	1.0732e+03	1.0000e+05	2.8815e-01	4.1656e-04	1.4274e-01	2.8479e-01	1.5366e-04	2.9474e-04	5.2221e-04	1.6727e-06	3.5428e-09	5.7109e-01	
5.0089e-04	1.0732e+03	1.0000e+05	2.8815e-01	4.1254e-04	1.4274e-01	2.8479e-01	1.5182e-04	2.9239e-04	5.2017e-04	1.6530e-06	3.4760e-09	5.7109e-01	
5.0447e-04	1.0732e+03	1.0000e+05	2.8815e-01	4.0858e-04	1.4274e-01	2.8480e-01	1.5004e-04	2.9007e-04	5.1813e-04	1.6339e-06	3.4105e-09	5.7109e-01	
5.0710e-04	1.0732e+03	1.0000e+05	2.8815e-01	4.0572e-04	1.4274e-01	2.8481e-01	1.4874e-04	2.8839e-04	5.1666e-04	1.6200e-06	3.3636e-09	5.7109e-01	
5.0973e-04	1.0732e+03	1.0000e+05	2.8816e-01	4.0290e-04	1.4274e-01	2.8481e-01	1.4747e-04	2.8673e-04	5.1520e-04	1.6063e-06	3.3177e-09	5.7109e-01	
5.1236e-04	1.0732e+03	1.0000e+05	2.8816e-01	4.0012e-04	1.4274e-01	2.8482e-01	1.4621e-04	2.8509e-04	5.1375e-04	1.5928e-06	3.2728e-09	5.7110e-01	
5.1499e-04	1.0732e+03	1.0000e+05	2.8816e-01	3.9738e-04	1.4274e-01	2.8482e-01	1.4497e-04	2.8347e-04	5.1231e-04	1.5795e-06	3.2285e-09	5.7110e-01	
5.1762e-04	1.0732e+03	1.0000e+05	2.8816e-01	3.9468e-04	1.4274e-01	2.8483e-01	1.4375e-04	2.8186e-04	5.1089e-04	1.5664e-06	3.1853e-09	5.7110e-01	
5.2026e-04	1.0732e+03	1.0000e+05	2.8816e-01	3.9201e-04	1.4274e-01	2.8483e-01	1.4254e-04	2.8028e-04	5.0948e-04	1.5534e-06	3.1431e-09	5.7110e-01	
5.2289e-04	1.0732e+03	1.0000e+05	2.8816e-01	3.8938e-04	1.4274e-01	2.8484e-01	1.4135e-04	2.7871e-04	5.0808e-04	1.5406e-06	3.1016e-09	5.7110e-01	
5.2552e-04	1.0732e+03	1.0000e+05	2.8816e-01	3.8679e-04	1.4274e-01	2.8484e-01	1.4019e-04	2.7716e-04	5.0669e-04	1.5281e-06	3.0609e-09	5.7111e-01	
5.2815e-04	1.0732e+03	1.0000e+05	2.8816e-01	3.8423e-04	1.4274e-01	2.8485e-01	1.3903e-04	2.7563e-04	5.0531e-04	1.5157e-06	3.0210e-09	5.7111e-01	
5.3078e-04	1.0732e+03	1.0000e+05	2.8816e-01	3.8171e-04	1.4274e-01	2.8485e-01	1.3789e-04	2.7412e-04	5.0395e-04	1.5034e-06	2.9818e-09	5.7111e-01	
5.3341e-04	1.0732e+03	1.0000e+05	2.8816e-01	3.7922e-04	1.4274e-01	2.8486e-01	1.3677e-04	2.7262e-04	5.0260e-04	1.4914e-06	2.9435e-09	5.7111e-01	
5.3847e-04	1.0732e+03	1.0000e+05	2.8817e-01	3.7452e-04	1.4274e-01	2.8487e-01	1.3466e-04	2.6979e-04	5.0003e-04	1.4686e-06	2.8718e-09	5.7112e-01	
5.4353e-04	1.0732e+03	1.0000e+05	2.8817e-01	3.6994e-04	1.4274e-01	2.8487e-01	1.3260e-04	2.6702e-04	4.9751e-04	1.4465e-06	2.8028e-09	5.7112e-01	
5.4859e-04	1.0732e+03	1.0000e+05	2.8817e-01	3.6548e-04	1.4274e-01	2.8488e-01	1.3059e-04	2.6430e-04	4.9502e-04	1.4249e-06	2.7361e-09	5.7112e-01	
5.5365e-04	1.0732e+03	1.0000e+05	2.8817e-01	3.6112e-04	1.4274e-01	2.8489e-01	1.2864e-04	2.6165e-04	4.9257e-04	1.4039e-06	2.6719e-09	5.7113e-01	
5.5871e-04	1.0732e+03	1.0000e+05	2.8817e-01	3.5687e-04	1.4274e-01	2.8490e-01	1.2674e-04	2.5905e-04	4.9016e-04	1.3834e-06	2.6099e-09	5.7113e-01	
5.6770e-04	1.0732e+03	1.0000e+05	2.8818e-01	3.4957e-04	1.4274e-01	2.8491e-01	1.2347e-04	2.5455e-04	4.8597e-04	1.3482e-06	2.5050e-09	5.7113e-01	
5.7669e-04	1.0732e+03	1.0000e+05	2.8818e-01	3.4257e-04	1.4274e-01	2.8493e-01	1.2035e-04	2.5022e-04	4.8189e-04	1.3145e-06	2.4063e-09	5.7114e-01	
5.8568e-04	1.0732e+03	1.0000e+05	2.8818e-01	3.3585e-04	1.4274e-01	2.8494e-01	1.1736e-04	2.4603e-04	4.7791e-04	1.2823e-06	2.3135e-09	5.7114e-01	
5.9467e-04	1.0732e+03	1.0000e+05	2.8818e-01	3.2940e-04	1.4274e-01	2.8495e-01	1.1450e-04	2.4199e-04	4.7404e-04	1.2514e-06	2.2261e-09	5.7115e-01	
6.0366e-04	1.0732e+03	1.0000e+05	2.8819e-01	3.2320e-04	1.4274e-01	2.8496e-01	1.1175e-04	2.3809e-04	4.7027e-04	1.2217e-06	2.1437e-09	5.7115e-01	
6.1265e-04	1.0732e+03	1.0000e+05	2.8819e-01	3.1724e-04	1.4274e-01	2.8497e-01	1.0912e-04	2.3431e-04	4.6659e-04	1.1933e-06	2.0658e-09	5.7116e-01	
6.2779e-04	1.0732e+03	1.0000e+05	2.8819e-01	3.0771e-04	1.4274e-01	2.8499e-01	1.0493e-04	2.2823e-04	4.6060e-04	1.1479e-06	1.9443e-09	5.7116e-01	
6.4292e-04	1.0732e+03	1.0000e+05	2.8819e-01	2.9876e-04	1.4274e-01	2.8501e-01	1.0100e-04	2.2247e-04	4.5485e-04	1.1055e-06	1.8334e-09	5.7117e-01	
6.5806e-04	1.0732e+03	1.0000e+05	2.8820e-01	2.9033e-04	1.4274e-01	2.8502e-01	9.7327e-05	2.1701e-04	4.4933e-04	1.0657e-06	1.7321e-09	5.7118e-01	
6.7319e-04	1.0732e+03	1.0000e+05	2.8820e-01	2.8240e-04	1.4274e-01	2.8504e-01	9.3879e-05	2.1183e-04	4.4401e-04	1.0283e-06	1.6394e-09	5.7118e-01	
7.0288e-04	1.0732e+03	1.0000e+05	2.8821e-01	2.6808e-04	1.4274e-01	2.8507e-01	8.7702e-05	2.0237e-04	4.3415e-04	9.6132e-07	1.4785e-09	5.7119e-01	
7.3257e-04	1.0732e+03	1.0000e+05	2.8821e-01	2.5522e-04	1.4275e-01	2.8509e-01	8.2202e-05	1.9377e-04	4.2497e-04	9.0161e-07	1.3413e-09	5.7120e-01	
7.5321e-04	1.0732e+03	1.0000e+05	2.8821e-01	2.4703e-04	1.4275e-01	2.8511e-01	7.8728e-05	1.8824e-04	4.1895e-04	8.6385e-07	1.2575e-09	5.7121e-01	
7.7384e-04	1.0732e+03	1.0000e+05	2.8822e-01	2.3938e-04	1.4275e-01	2.8512e-01	7.5505e-05	1.8304e-04	4.1320e-04	8.2880e-07	1.1820e-09	5.7122e-01	
7.9448e-04	1.0732e+03	1.0000e+05	2.8822e-01	2.3223e-04	1.4275e-01	2.8514e-01	7.2508e-05	1.7813e-04	4.0771e-04	7.9618e-07	1.1134e-09	5.7122e-01	
8.1511e-04	1.0732e+03	1.0000e+05	2.8822e-01	2.2553e-04	1.4275e-01	2.8515e-01	6.9717e-05	1.7350e-04	4.0245e-04	7.6579e-07	1.0511e-09	5.7123e-01	
8.3574e-04	1.0732e+03	1.0000e+05	2.8822e-01	2.1923e-04	1.4275e-01	2.8516e-01	6.7111e-05	1.6913e-04	3.9741e-04	7.3740e-07	9.9435e-10	5.7123e-01	
8.5638e-04	1.0732e+03	1.0000e+05	2.8823e-01	2.1331e-04	1.4275e-01	2.8518e-01	6.4673e-05	1.6498e-04	3.9258e-04	7.1082e-07	9.4244e-10	5.7124e-01	
8.7701e-04	1.0732e+03	1.0000e+05	2.8823e-01	2.0772e-04	1.4275e-01	2.8519e-01	6.2390e-05	1.6105e-04	3.8793e-04	6.8592e-07	8.9489e-10	5.7124e-01	
8.9765e-04	1.0732e+03	1.0000e+05	2.8823e-01	2.0245e-04	1.4275e-01	2.8520e-01	6.0249e-05	1.5732e-04	3.8347e-04	6.6256e-07	8.5117e-10	5.7125e-01	
9.1828e-04	1.0732e+03	1.0000e+05	2.8823e-01	1.9746e-04	1.4275e-01	2.8521e-01	5.8236e-05	1.5377e-04	3.7917e-04	6.4058e-07	8.1091e-10	5.7125e-01	
9.3891e-04	1.0732e+03	1.0000e+05	2.8824e-01	1.9275e-04	1.4275e-01	2.8522e-01	5.6339e-05	1.5040e-04	3.7504e-04	6.1987e-07	7.7380e-10	5.7125e-01	
9.5955e-04	1.0732e+03	1.0000e+05	2.8824e-01	1.8827e-04	1.4276e-01	2.8523e-01	5.4553e-05	1.4718e-04	3.7106e-04	6.0036e-07	7.3951e-10	5.7126e-01	
9.8018e-04	1.0732e+03	1.0000e+05	2.8824e-01	1.8403e-04	1.4276e-01	2.8524e-01	5.2869e-05	1.4412e-04	3.6722e-04	5.8195e-07	7.0768e-10	5.7126e-01	
1.0008e-03	1.0732e+03	1.0000e+05	2.8824e-01	1.7999e-04	1.4276e-01	2.8524e-01	5.1276e-05	1.4119e-04	3.6351e-04	5.6453e-07	6.7811e-10	5.7126e-01	
1.0214e-03	1.0732e+03	1.0000e+05	2.8824e-01	1.7615e-04	1.4276e-01	2.8525e-01	4.9767e-05	1.3839e-04	3.5993e-04	5.4803e-07	6.5064e-10	5.7127e-01	
1.0421e-03	1.0732e+03	1.0000e+05	2.8824e-01	1.7249e-04	1.4276e-01	2.8526e-01	4.8338e-05	1.3571e-04	3.5647e-04	5.3239e-07	6.2511e-10	5.7127e-01	
1.0627e-03	1.0732e+03	1.0000e+05	2.8824e-01	1.6900e-04	1.4276e-01	2.8527e-01	4.6985e-05	1.3315e-04	3.5312e-04	5.1759e-07	6.0124e-10	5.7127e-01	
1.0834e-03	1.0732e+03	1.0000e+05	2.8825e-01	1.6567e-04	1.4276e-01	2.8527e-01	4.5699e-05	1.3069e-04	3.4988e-04	5.0351e-07	5.7887e-10	5.7127e-01	
1.1040e-03	1.0732e+03	1.0000e+05	2.8825e-01	1.6249e-04	1.4276e-01	2.8528e-01	4.4476e-05	1.2833e-04	3.4675e-04	4.9011e-07	5.5797e-10	5.7128e-01	
1.1246e-03	1.0732e+03	1.0000e+05	2.8825e-01	1.5945e-04	1.4276e-01	2.8529e-01	4.3312e-05	1.2607e-04	3.4371e-04	4.7737e-07	5.3844e-10	5.7128e-01	
1.1453e-03	1.0732e+03	1.0000e+05	2.8825e-01	1.5654e-04	1.4276e-01	2.8529e-01	4.2208e-05	1.2390e-04	3.4076e-04	4.6526e-07	5.2004e-10	5.7128e-01	
1.1659e-03	1.0732e+03	1.0000e+05	2.8825e-01	1.5375e-04	1.4276e-01	2.8530e-01	4.1152e-05	1.2181e-04	3.3790e-04	4.5370e-07	5.0269e-10	5.7128e-01	
1.1865e-03	1.0732e+03	1.0000e+05	2.8825e-01	1.5107e-04	1.4276e-01	2.8530e-01	4.0142e-05	1.1980e-04	3.3514e-04	4.4263e-07	4.8641e-10	5.7129e-01	
1.2072e-03	1.0732e+03	1.0000e+05	2.8825e-01	1.4851e-04	1.4276e-01	2.8531e-01	3.9182e-05	1.1787e-04	3.3244e-04	4.3210e-07	4.7110e-10	5.7129e-01	
1.2278e-03	1.0732e+03	1.0000e+05	2.8825e-01	1.4604e-04	1.4276e-01	2.8531e-01	3.8268e-05	1.1601e-04	3.2982e-04	4.2208e-07	4.5658e-10	5.7129e-01	
1.2484e-03	1.0732e+03	1.0000e+05	2.8826e-01	1.4367e-04	1.4276e-01	2.8532e-01	3.7387e-05	1.1421e-04	3.2728e-04	4.1241e-07	4.4286e-10	5.7129e-01	
1.2691e-03	1.0732e+03	1.0000e+05	2.8826e-01	1.4140e-04	1.4277e-01	2.8532e-01	3.6544e-05	1.1248e-04	3.2482e-04	4.0316e-07	4.2997e-10	5.7129e-01	
1.2897e-03	1.0732e+03	1.0000e+05	2.8826e-01	1.3921e-04	1.4277e-01	2.8533e-01	3.5740e-05	1.1081e-04	3.2242e-04	3.9434e-07	4.1775e-10	5.7130e-01	
1.3103e-03	1.0732e+03	1.0000e+05	2.8826e-01	1.3710e-04	1.4277e-01	2.8533e-01	3.4969e-05	1.0919e-04	3.2008e-04	3.8587e-07	4.0607e-10	5.7130e-01	
1.3310e-03	1.0732e+03	1.0000e+05	2.8826e-01	1.3507e-04	1.4277e-01	2.8534e-01	3.4226e-05	1.0764e-04	3.1780e-04	3.7772e-07	3.9502e-10	5.7130e-01	
1.3516e-03	1.0732e+03	1.0000e+05	2.8826e-01	1.3311e-04	1.4277e-01	2.8534e-01	3.3514e-05	1.0613e-04	3.1560e-04	3.6990e-07	3.8463e-10	5.7130e-01	
1.3722e-03	1.0732e+03	1.0000e+05	2.8826e-01	1.3122e-04	1.4277e-01	2.8535e-01	3.2833e-05	1.0467e-04	3.1344e-04	3.6242e-07	3.7474e-10	5.7130e-01	
1.3929e-03	1.0732e+03	1.0000e+05	2.8826e-01	1.2940e-04	1.4277e-01	2.8535e-01	3.2179e-05	1.0326e-04	3.1133e-04	3.5523e-07	3.6520e-10	5.7130e-01	
1.4135e-03	1.0732e+03	1.0000e+05	2.8826e-01	1.2764e-04	1.4277e-01	2.8535e-01	3.1548e-05	1.0190e-04	3.0928e-04	3.4830e-07	3.5614e-10	5.7131e-01	
1.4341e-03	1.0732e+03	1.0000e+05	2.8826e-01	1.2594e-04	1.4277e-01	2.8536e-01	3.0939e-05	1.0058e-04	3.0729e-04	3.4161e-07	3.4759e-10	5.7131e-01	
1.4548e-03	1.0732e+03	1.0000e+05	2.8826e-01	1.2429e-04	1.4277e-01	2.8536e-01	3.0356e-05	9.9297e-05	3.0534e-04	3.3520e-07	3.3942e-10	5.7131e-01	
1.4754e-03	1.0732e+03	1.0000e+05	2.8826e-01	1.2270e-04	1.4277e-01	2.8537e-01	2.9795e-05	9.8057e-05	3.0343e-04	3.2904e-07	3.3156e-10	5.7131e-01	
1.4960e-03	1.0732e+03	1.0000e+05	2.8826e-01	1.2116e-04	1.4277e-01	2.8537e-01	2.9253e-05	9.6856e-05	3.0158e-04	3.2308e-07	3.2403e-10	5.7131e-01	
1.5167e-03	1.0732e+03	1.0000e+05	2.8827e-01	1.1968e-04	1.4277e-01	2.8537e-01	2.8728e-05	9.5687e-05	2.9977e-04	3.1731e-07	3.1692e-10	5.7131e-01	
1.5373e-03	1.0732e+03	1.0000e+05	2.8827e-01	1.1824e-04	1.4277e-01	2.8538e-01	2.8224e-05	9.4553e-05	2.9801e-04	3.1177e-07	3.1012e-10	5.7131e-01	
1.5579e-03	1.0732e+03	1.0000e+05	2.8827e-01	1.1684e-04	1.4277e-01	2.8538e-01	2.7739e-05	9.3455e-05	2.9627e-04	3.0643e-07	3.0353e-10	5.7131e-01	
1.5786e-03	1.0732e+03	1.0000e+05	2.8827e-01	1.1549e-04	1.4277e-01	2.8538e-01	2.7269e-05	9.2387e-05	2.9459e-04	3.0126e-07	2.9727e-10	5.7132e-01	
1.5992e-03	1.0732e+03	1.0000e+05	2.8827e-01	1.1418e-04	1.4277e-01	2.8538e-01	2.6814e-05	9.1350e-05	2.9294e-04	2.9627e-07	2.9125e-10	5.7132e-01	
1.6198e-03	1.0732e+03	1.0000e+05	2.8827e-01	1.1290e-04	1.4277e-01	2.8539e-01	2.6376e-05	9.0340e-05	2.9133e-04	2.9145e-07	2.8549e-10	5.7132e-01	
1.6405e-03	1.0732e+03	1.0000e+05	2.8827e-01	1.1167e-04	1.4277e-01	2.8539e-01	2.5952e-05	8.9362e-05	2.8975e-04	2.8678e-07	2.7993e-10	5.7132e-01	
1.6611e-03	1.0732e+03	1.0000e+05	2.8827e-01	1.1047e-04	1.4278e-01	2.8539e-01	2.5541e-05	8.8408e-05	2.8821e-04	2.8225e-07	2.7461e-10	5.7132e-01	
1.6817e-03	1.0732e+03	1.0000e+05	2.8827e-01	1.0931e-04	1.4278e-01	2.8539e-01	2.5144e-05	8.7481e-05	2.8671e-04	2.7788e-07	2.6950e-10	5.7132e-01	
1.7024e-03	1.0732e+03	1.0000e+05	2.8827e-01	1.0818e-04	1.4278e-01	2.8540e-01	2.4760e-05	8.6578e-05	2.8523e-04	2.7365e-07	2.6458e-10	5.7132e-01	
1.7230e-03	1.0732e+03	1.0000e+05	2.8827e-01	1.0708e-04	1.4278e-01	2.8540e-01	2.4387e-05	8.5700e-05	2.8379e-04	2.6956e-07	2.5985e-10	5.7132e-01	
1.7436e-03	1.0732e+03	1.0000e+05	2.8827e-01	1.0601e-04	1.4278e-01	2.8540e-01	2.4027e-05	8.4845e-05	2.8237e-04	2.6559e-07	2.5529e-10	5.7132e-01	
1.7761e-03	1.0732e+03	1.0000e+05	2.8827e-01	1.0440e-04	1.4278e-01	2.8541e-01	2.3481e-05	8.3544e-05	2.8021e-04	2.5958e-07	2.4846e-10	5.7132e-01	
1.8086e-03	1.0732e+03	1.0000e+05	2.8827e-01	1.0285e-04	1.4278e-01	2.8541e-01	2.2962e-05	8.2296e-05	2.7812e-04	2.5386e-07	2.4201e-10	5.7133e-01	
1.8410e-03	1.0732e+03	1.0000e+05	2.8827e-01	1.0136e-04	1.4278e-01	2.8541e-01	2.2467e-05	8.1096e-05	2.7609e-04	2.4841e-07	2.3591e-10	5.7133e-01	
1.8735e-03	1.0732e+03	1.0000e+05	2.8827e-01	9.9939e-05	1.4278e-01	2.8542e-01	2.1994e-05	7.9943e-05	2.7413e-04	2.4321e-07	2.3015e-10	5.7133e-01	
1.9059e-03	1.0732e+03	1.0000e+05	2.8827e-01	9.8573e-05	1.4278e-01	2.8542e-01	2.1543e-05	7.8834e-05	2.7223e-04	2.3823e-07	2.2468e-10	5.7133e-01	
1.9384e-03	1.0732e+03	1.0000e+05	2.8827e-01	9.7263e-05	1.4278e-01	2.8542e-01	2.1111e-05	7.7767e-05	2.7039e-04	2.3348e-07	2.1951e-10	5.7133e-01	
1.9987e-03	1.0732e+03	1.0000e+05	2.8828e-01	9.4963e-05	1.4278e-01	2.8543e-01	2.0359e-05	7.5888e-05	2.6712e-04	2.2519e-07	2.1057e-10	5.7133e-01	
2.0590e-03	1.0732e+03	1.0000e+05	2.8828e-01	9.2822e-05	1.4278e-01	2.8543e-01	1.9664e-05	7.4132e-05	2.6402e-04	2.1753e-07	2.0242e-10	5.7133e-01	
2.1194e-03	1.0732e+03	1.0000e+05	2.8828e-01	9.0830e-05	1.4278e-01	2.8544e-01	1.9022e-05	7.2490e-05	2.6109e-04	2.1045e-07	1.9499e-10	5.7134e-01	
2.1797e-03	1.0732e+03	1.0000e+05	2.8828e-01	8.8971e-05	1.4278e-01	2.8544e-01	1.8426e-05	7.0952e-05	2.5831e-04	2.0388e-07	1.8818e-10	5.7134e-01	
2.3064e-03	1.0732e+03	1.0000e+05	2.8828e-01	8.5447e-05	1.4278e-01	2.8545e-01	1.7309e-05	6.8018e-05	2.5293e-04	1.9156e-07	1.7560e-10	5.7134e-01	
2.3931e-03	1.0732e+03	1.0000e+05	2.8828e-01	8.3297e-05	1.4279e-01	2.8546e-01	1.6635e-05	6.6217e-05	2.4956e-04	1.8412e-07	1.6815e-10	5.7134e-01	
2.4798e-03	1.0732e+03	1.0000e+05	2.8828e-01	8.1334e-05	1.4279e-01	2.8546e-01	1.6024e-05	6.4564e-05	2.4643e-04	1.7738e-07	1.6148e-10	5.7134e-01	
2.5665e-03	1.0732e+03	1.0000e+05	2.8828e-01	7.9532e-05	1.4279e-01	2.8546e-01	1.5467e-05	6.3039e-05	2.4351e-04	1.7124e-07	1.5546e-10	5.7135e-01	
2.6531e-03	1.0732e+03	1.0000e+05	2.8828e-01	7.7877e-05	1.4279e-01	2.8547e-01	1.4961e-05	6.1633e-05	2.4078e-04	1.6565e-07	1.5004e-10	5.7135e-01	
2.7398e-03	1.0732e+03	1.0000e+05	2.8828e-01	7.6354e-05	1.4279e-01	2.8547e-01	1.4496e-05	6.0334e-05	2.3823e-04	1.6052e-07	1.4512e-10	5.7135e-01	
2.8265e-03	1.0732e+03	1.0000e+05	2.8828e-01	7.4949e-05	1.4279e-01	2.8548e-01	1.4070e-05	5.9129e-05	2.3585e-04	1.5582e-07	1.4067e-10	5.7135e-01	
2.9132e-03	1.0732e+03	1.0000e+05	2.8829e-01	7.3650e-05	1.4279e-01	2.8548e-01	1.3680e-05	5.8011e-05	2.3361e-04	1.5151e-07	1.3660e-10	5.7135e-01	
2.9999e-03	1.0732e+03	1.0000e+05	2.8829e-01	7.2448e-05	1.4279e-01	2.8548e-01	1.3320e-05	5.6974e-05	2.3150e-04	1.4754e-07	1.3287e-10	5.7135e-01	
3.0866e-03	1.0732e+03	1.0000e+05	2.8829e-01	7.1333e-05	1.4279e-01	2.8548e-01	1.2988e-05	5.6007e-05	2.2953e-04	1.4386e-07	1.2946e-10	5.7135e-01	
3.1733e-03	1.0732e+03	1.0000e+05	2.8829e-01	7.0298e-05	1.4279e-01	2.8549e-01	1.2681e-05	5.5104e-05	2.2768e-04	1.4047e-07	1.2634e-10	5.7135e-01	
3.2600e-03	1.0732e+03	1.0000e+05	2.8829e-01	6.9335e-05	1.4279e-01	2.8549e-01	1.2397e-05	5.4265e-05	2.2593e-04	1.3734e-07	1.2346e-10	5.7136e-01	
3.3467e-03	1.0732e+03	1.0000e+05	2.8829e-01	6.8438e-05	1.4279e-01	2.8549e-01	1.2134e-05	5.3481e-05	2.2429e-04	1.3443e-07	1.2079e-10	5.7136e-01	
3.4334e-03	1.0732e+03	1.0000e+05	2.8829e-01	6.7602e-05	1.4279e-01	2.8549e-01	1.1889e-05	5.2744e-05	2.2275e-04	1.3172e-07	1.1833e-10	5.7136e-01	
3.5200e-03	1.0732e+03	1.0000e+05	2.8829e-01	6.6822e-05	1.4279e-01	2.8550e-01	1.1661e-05	5.2056e-05	2.2129e-04	1.2921e-07	1.1608e-10	5.7136e-01	
3.6067e-03	1.0732e+03	1.0000e+05	2.8829e-01	6.6093e-05	1.4279e-01	2.8550e-01	1.1450e-05	5.1414e-05	2.1990e-04	1.2687e-07	1.1397e-10	5.7136e-01	
3.6934e-03	1.0732e+03	1.0000e+05	2.8829e-01	6.5411e-05	1.4280e-01	2.8550e-01	1.1252e-05	5.0810e-05	2.1861e-04	1.2469e-07	1.1199e-10	5.7136e-01	
3.7801e-03	1.0732e+03	1.0000e+05	2.8829e-01	6.4773e-05	1.4280e-01	2.8550e-01	1.1068e-05	5.0241e-05	2.1738e-04	1.2265e-07	1.1018e-10	5.7136e-01	
3.8668e-03	1.0732e+03	1.0000e+05	2.8829e-01	6.4175e-05	1.4280e-01	2.8550e-01	1.0896e-05	4.9708e-05	2.1623e-04	1.2075e-07	1.0850e-10	5.7136e-01	
3.9535e-03	1.0732e+03	1.0000e+05	2.8829e-01	6.3614e-05	1.4280e-01	2.8550e-01	1.0735e-05	4.9209e-05	2.1513e-04	1.1897e-07	1.0691e-10	5.7136e-01	
4.0402e-03	1.0732e+03	1.0000e+05	2.8829e-01	6.3087e-05	1.4280e-01	2.8551e-01	1.0584e-05	4.8736e-05	2.1409e-04	1.1730e-07	1.0542e-10	5.7136e-01	
4.1269e-03	1.0732e+03	1.0000e+05	2.8829e-01	6.2593e-05	1.4280e-01	2.8551e-01	1.0443e-05	4.8291e-05	2.1312e-04	1.1574e-07	1.0405e-10	5.7136e-01	
4.2136e-03	1.0732e+03	1.0000e+05	2.8829e-01	6.2128e-05	1.4280e-01	2.8551e-01	1.0310e-05	4.7874e-05	2.1219e-04	1.1428e-07	1.0277e-10	5.7136e-01	
4.3003e-03	1.0732e+03	1.0000e+05	2.8829e-01	6.1690e-05	1.4280e-01	2.8551e-01	1.0186e-05	4.7481e-05	2.1131e-04	1.1290e-07	1.0156e-10	5.7136e-01	
4.3869e-03	1.0732e+03	1.0000e+05	2.8829e-01	6.1279e-05	1.4280e-01	2.8551e-01	1.0069e-05	4.7107e-05	2.1048e-04	1.1160e-07	1.0042e-10	5.7136e-01	
4.4736e-03	1.0732e+03	1.0000e+05	2.8829e-01	6.0891e-05	1.4280e-01	2.8551e-01	9.9591e-06	4.6756e-05	2.0969e-04	1.1039e-07	9.9365e-11	5.7136e-01	
4.5603e-03	1.0732e+03	1.0000e+05	2.8829e-01	6.0526e-05	1.4280e-01	2.8551e-01	9.8566e-06	4.6428e-05	2.0894e-04	1.0926e-07	9.8369e-11	5.7136e-01	
4.6470e-03	1.0732e+03	1.0000e+05	2.8829e-01	6.0181e-05	1.4280e-01	2.8551e-01	9.7590e-06	4.6114e-05	2.0824e-04	1.0818e-07	9.7421e-11	5.7136e-01	
4.7337e-03	1.0732e+03	1.0000e+05	2.8829e-01	5.9857e-05	1.4280e-01	2.8551e-01	9.6665e-06	4.5815e-05	2.0758e-04	1.0716e-07	9.6551e-11	5.7136e-01	
4.8204e-03	1.0732e+03	1.0000e+05	2.8829e-01	5.9551e-05	1.4280e-01	2.8551e-01	9.5809e-06	4.5537e-05	2.0693e-04	1.0621e-07	9.5742e-11	5.7136e-01	
4.8805e-03	1.0732e+03	1.0000e+05	2.8829e-01	5.9348e-05	1.4280e-01	2.8552e-01	9.5242e-06	4.5354e-05	2.0651e-04	1.0558e-07	9.5181e-11	5.7137e-01	
4.9407e-03	1.0732e+03	1.0000e+05	2.8829e-01	5.9153e-05	1.4280e-01	2.8552e-01	9.4694e-06	4.5175e-05	2.0610e-04	1.0498e-07	9.4658e-11	5.7137e-01	
5.0008e-03	1.0732e+03	1.0000e+05	2.8829e-01	5.8967e-05	1.4280e-01	2.8552e-01	9.4169e-06	4.5004e-05	2.0571e-04	1.0440e-07	9.4160e-11	5.7137e-01	
5.0609e-03	1.0732e+03	1.0000e+05	2.8829e-01	5.8787e-05	1.4280e-01	2.8552e-01	9.3668e-06	4.4841e-05	2.0533e-04	1.0384e-07	9.3677e-11	5.7137e-01	
5.1211e-03	1.0732e+03	1.0000e+05	2.8829e-01	5.8613e-05	1.4280e-01	2.8552e-01	9.3185e-06	4.4683e-05	2.0497e-04	1.0331e-07	9.3204e-11	5.7137e-01	
5.1812e-03	1.0732e+03	1.0000e+05	2.8829e-01	5.8447e-05	1.4280e-01	2.8552e-01	9.2714e-06	4.4528e-05	2.0462e-04	1.0279e-07	9.2759e-11	5.7137e-01	
5.2413e-03	1.0732e+03	1.0000e+05	2.8829e-01	5.8287e-05	1.4280e-01	2.8552e-01	9.2265e-06	4.4380e-05	2.0428e-04	1.0229e-07	9.2344e-11	5.7137e-01	
5.3015e-03	1.0732e+03	1.0000e+05	2.8829e-01	5.8133e-05	1.4280e-01	2.8552e-01	9.1842e-06	4.4242e-05	2.0395e-04	1.0182e-07	9.1933e-11	5.7137e-01	
5.3616e-03	1.0732e+03	1.0000e+05	2.8829e-01	5.7985e-05	1.4280e-01	2.8552e-01	9.1430e-06	4.4106e-05	2.0363e-04	1.0137e-07	9.1524e-11	5.7137e-01	
5.4217e-03	1.0732e+03	1.0000e+05	2.8829e-01	5.7842e-05	1.4280e-01	2.8552e-01	9.1022e-06	4.3971e-05	2.0334e-04	1.0092e-07	9.1148e-11	5.7137e-01	
5.4818e-03	1.0732e+03	1.0000e+05	2.8829e-01	5.7706e-05	1.4280e-01	2.8552e-01	9.0639e-06	4.3844e-05	2.0304e-04	1.0049e-07	9.0804e-11	5.7137e-01	
5.5420e-03	1.0732e+03	1.0000e+05	2.8829e-01	5.7573e-05	1.4280e-01	2.8552e-01	9.0283e-06	4.3727e-05	2.0275e-04	1.0010e-07	9.0450e-11	5.7137e-01	
5.6021e-03	1.0732e+03	1.0000e+05	2.8829e-01	5.7446e-05	1.4280e-01	2.8552e-01	8.9923e-06	4.3608e-05	2.0248e-04	9.9701e-08	9.0102e-11	5.7137e-01	
5.6413e-03	1.0732e+03	1.0000e+05	2.8829e-01	5.7365e-05	1.4280e-01	2.8552e-01	8.9698e-06	4.3533e-05	2.0231e-04	9.9451e-08	8.9892e-11	5.7137e-01	
5.6804e-03	1.0732e+03	1.0000e+05	2.8829e-01	5.7287e-05	1.4280e-01	2.8552e-01	8.9480e-06	4.3461e-05	2.0214e-04	9.9210e-08	8.9685e-11	5.7137e-01	
5.7195e-03	1.0732e+03	1.0000e+05	2.8829e-01	5.7210e-05	1.4280e-01	2.8552e-01	8.9269e-06	4.3391e-05	2.0197e-04	9.8977e-08	8.9482e-11	5.7137e-01	
5.7587e-03	1.0732e+03	1.0000e+05	2.8829e-01	5.7136e-05	1.4280e-01	2.8552e-01	8.9058e-06	4.3320e-05	2.0181e-04	9.8743e-08	8.9286e-11	5.7137e-01	
5.7978e-03	1.0732e+03	1.0000e+05	2.8829e-01	5.7063e-05	1.4280e-01	2.8552e-01	8.8857e-06	4.3253e-05	2.0166e-04	9.8521e-08	8.9095e-11	5.7137e-01	
5.8370e-03	1.0732e+03	1.0000e+05	2.8829e-01	5.6992e-05	1.4280e-01	2.8552e-01	8.8661e-06	4.3188e-05	2.0150e-04	9.8304e-08	8.8908e-11	5.7137e-01	
5.8761e-03	1.0732e+03	1.0000e+05	2.8829e-01	5.6923e-05	1.4280e-01	2.8552e-01	8.8468e-06	4.3124e-05	2.0135e-04	9.8090e-08	8.8725e-11	5.7137e-01	
5.9152e-03	1.0732e+03	1.0000e+05	2.8829e-01	5.6855e-05	1.4280e-01	2.8552e-01	8.8279e-06	4.3061e-05	2.0120e-04	9.7882e-08	8.8547e-11	5.7137e-01	
5.9544e-03	1.0732e+03	1.0000e+05	2.8829e-01	5.6789e-05	1.4280e-01	2.8552e-01	8.8096e-06	4.3000e-05	2.0106e-04	9.7679e-08	8.8373e-11	5.7137e-01	
6.0271e-03	1.0732e+03	1.0000e+05	2.8829e-01	5.6670e-05	1.4280e-01	2.8552e-01	8.7767e-06	4.2890e-05	2.0080e-04	9.7315e-08	8.8062e-11	5.7137e-01	
6.0997e-03	1.0732e+03	1.0000e+05	2.8829e-01	5.6557e-05	1.4280e-01	2.8552e-01	8.7453e-06	4.2785e-05	2.0055e-04	9.6967e-08	8.7764e-11	5.7137e-01	
6.1724e-03	1.0732e+03	1.0000e+05	2.8829e-01	5.6448e-05	1.4280e-01	2.8552e-01	8.7152e-06	4.2684e-05	2.0032e-04	9.6634e-08	8.7480e-11	5.7137e-01	
6.3084e-03	1.0732e+03	1.0000e+05	2.8829e-01	5.6258e-05	1.4280e-01	2.8552e-01	8.6624e-06	4.2507e-05	1.9990e-04	9.6050e-08	8.6981e-11	5.7137e-01	
6.5324e-03	1.0732e+03	1.0000e+05	2.8829e-01	5.5976e-05	1.4280e-01	2.8552e-01	8.5844e-06	4.2245e-05	1.9928e-04	9.5188e-08	8.6246e-11	5.7137e-01	
6.7565e-03	1.0732e+03	1.0000e+05	2.8829e-01	5.5729e-05	1.4280e-01	2.8552e-01	8.5161e-06	4.2014e-05	1.9873e-04	9.4432e-08	8.5602e-11	5.7137e-01	
6.9806e-03	1.0732e+03	1.0000e+05	2.8829e-01	5.5513e-05	1.4280e-01	2.8553e-01	8.4567e-06	4.1813e-05	1.9825e-04	9.3775e-08	8.5042e-11	5.7137e-01	
7.2047e-03	1.0732e+03	1.0000e+05	2.8829e-01	5.5325e-05	1.4280e-01	2.8553e-01	8.4047e-06	4.1637e-05	1.9783e-04	9.3199e-08	8.4553e-11	5.7137e-01	
7.4287e-03	1.0732e+03	1.0000e+05	2.8829e-01	5.5160e-05	1.4280e-01	2.8553e-01	8.3592e-06	4.1482e-05	1.9746e-04	9.2696e-08	8.4125e-11	5.7137e-01	
7.6528e-03	1.0732e+03	1.0000e+05	2.8829e-01	5.5015e-05	1.4280e-01	2.8553e-01	8.3193e-06	4.1346e-05	1.9714e-04	9.2254e-08	8.3750e-11	5.7137e-01	
7.8769e-03	1.0732e+03	1.0000e+05	2.8829e-01	5.4887e-05	1.4280e-01	2.8553e-01	8.2843e-06	4.1227e-05	1.9685e-04	9.1867e-08	8.3421e-11	5.7137e-01	
8.1010e-03	1.0732e+03	1.0000e+05	2.8829e-01	5.4776e-05	1.4280e-01	2.8553e-01	8.2535e-06	4.1122e-05	1.9660e-04	9.1526e-08	8.3132e-11	5.7137e-01	
8.4392e-03	1.0732e+03	1.0000e+05	2.8829e-01	5.4632e-05	1.4280e-01	2.8553e-01	8.2142e-06	4.0987e-05	1.9628e-04	9.1091e-08	8.2763e-11	5.7137e-01	
8.7775e-03	1.0732e+03	1.0000e+05	2.8829e-01	5.4514e-05	1.4280e-01	2.8553e-01	8.1815e-06	4.0876e-05	1.9601e-04	9.0729e-08	8.2457e-11	5.7137e-01	
9.1157e-03	1.0732e+03	1.0000e+05	2.8829e-01	5.4417e-05	1.4280e-01	2.8553e-01	8.1549e-06	4.0784e-05	1.9579e-04	9.0435e-08	8.2208e-11	5.7137e-01	
9.4539e-03	1.0732e+03	1.0000e+05	2.8829e-01	5.4337e-05	1.4280e-01	2.8553e-01	8.1329e-06	4.0709e-05	1.9561e-04	9.0191e-08	8.2001e-11	5.7137e-01	
9.7922e-03	1.0732e+03	1.0000e+05	2.8829e-01	5.4270e-05	1.4280e-01	2.8553e-01	8.1148e-06	4.0647e-05	1.9545e-04	8.9991e-08	8.1832e-11	5.7137e-01	
1.0130e-02	1.0732e+03	1.0000e+05	2.8829e-01	5.4216e-05	1.4280e-01	2.8553e-01	8.0998e-06	4.0595e-05	1.9533e-04	8.9825e-08	8.1691e-11	5.7137e-01	
1.0469e-02	1.0732e+03	1.0000e+05	2.8829e-01	5.4171e-05	1.4280e-01	2.8553e-01	8.0873e-06	4.0553e-05	1.9523e-04	8.9688e-08	8.1575e-11	5.7137e-01	
1.0807e-02	1.0732e+03	1.0000e+05	2.8829e-01	5.4133e-05	1.4280e-01	2.8553e-01	8.0771e-06	4.0517e-05	1.9514e-04	8.9575e-08	8.1480e-11	5.7137e-01	
1.1353e-02	1.0732e+03	1.0000e+05	2.8829e-01	5.4086e-05	1.4280e-01	2.8553e-01	8.0643e-06	4.0473e-05	1.9504e-04	8.9433e-08	8.1359e-11	5.7137e-01	
1.1900e-02	1.0732e+03	1.0000e+05	2.8829e-01	5.4052e-05	1.4280e-01	2.8553e-01	8.0548e-06	4.0440e-05	1.9496e-04	8.9327e-08	8.1270e-11	5.7137e-01	
1.2447e-02	1.0732e+03	1.0000e+05	2.8829e-01	5.4027e-05	1.4280e-01	2.8553e-01	8.0480e-06	4.0417e-05	1.9490e-04	8.9253e-08	8.1207e-11	5.7137e-01	
1.2993e-02	1.0732e+03	1.0000e+05	2.8829e-01	5.4008e-05	1.4280e-01	2.8553e-01	8.0428e-06	4.0399e-05	1.9486e-04	8.9195e-08	8.1159e-11	5.7137e-01	
1.3540e-02	1.0732e+03	1.0000e+05	2.8829e-01	5.3994e-05	1.4280e-01	2.8553e-01	8.0391e-06	4.0386e-05	1.9482e-04	8.9154e-08	8.1124e-11	5.7137e-01	
1.4086e-02	1.0732e+03	1.0000e+05	2.8829e-01	5.3984e-05	1.4280e-01	2.8553e-01	8.0363e-06	4.0377e-05	1.9480e-04	8.9123e-08	8.1098e-11	5.7137e-01	
1.4633e-02	1.0732e+03	1.0000e+05	2.8829e-01	5.3977e-05	1.4280e-01	2.8553e-01	8.0343e-06	4.0370e-05	1.9478e-04	8.9100e-08	8.1079e-11	5.7137e-01	
1.5453e-02	1.0732e+03	1.0000e+05	2.8829e-01	5.3969e-05	1.4280e-01	2.8553e-01	8.0323e-06	4.0363e-05	1.9477e-04	8.9078e-08	8.1060e-11	5.7137e-01	
1.6273e-02	1.0732e+03	1.0000e+05	2.8829e-01	5.3965e-05	1.4280e-01	2.8553e-01	8.0310e-06	4.0358e-05	1.9476e-04	8.9064e-08	8.1048e-11	5.7137e-01	
1.7094e-02	1.0732e+03	1.0000e+05	2.8829e-01	5.3962e-05	1.4280e-01	2.8553e-01	8.0302e-06	4.0356e-05	1.9475e-04	8.9055e-08	8.1040e-11	5.7137e-01	
1.7914e-02	1.0732e+03	1.0000e+05	2.8829e-01	5.3960e-05	1.4280e-01	2.8553e-01	8.0296e-06	4.0354e-05	1.9474e-04	8.9048e-08	8.1034e-11	5.7137e-01	
1.9219e-02	1.0732e+03	1.0000e+05	2.8829e-01	5.3958e-05	1.4280e-01	2.8553e-01	8.0291e-06	4.0352e-05	1.9474e-04	8.9044e-08	8.1031e-11	5.7137e-01	
2.0523e-02	1.0732e+03	1.0000e+05	2.8829e-01	5.3956e-05	1.4280e-01	2.8553e-01	8.0285e-06	4.0350e-05	1.9474e-04	8.9036e-08	8.1025e-11	5.7137e-01	
2.1828e-02	1.0732e+03	1.0000e+05	2.8829e-01	5.3957e-05	1.4280e-01	2.8553e-01	8.0289e-06	4.0351e-05	1.9474e-04	8.9040e-08	8.1028e-11	5.7137e-01	
2.3133e-02	1.0732e+03	1.0000e+05	2.8829e-01	5.3956e-05	1.4280e-01	2.8553e-01	8.0283e-06	4.0350e-05	1.9474e-04	8.9034e-08	8.1023e-11	5.7137e-01	
2.4438e-02	1.0732e+03	1.0000e+05	2.8829e-01	5.3957e-05	1.4280e-01	2.8553e-01	8.0290e-06	4.0351e-05	1.9474e-04	8.9042e-08	8.1030e-11	5.7137e-01	
2.5742e-02	1.0732e+03	1.0000e+05	2.8829e-01	5.3957e-05	1.4280e-01	2.8553e-01	8.0285e-06	4.0351e-05	1.9474e-04	8.9036e-08	8.1024e-11	5.7137e-01	
2.7047e-02	1.0732e+03	1.0000e+05	2.8829e-01	5.3956e-05	1.4280e-01	2.8553e-01	8.0287e-06	4.0350e-05	1.9474e-04	8.9039e-08	8.1027e-11	5.7137e-01	
2.8352e-02	1.0732e+03	1.0000e+05	2.8829e-01	5.3956e-05	1.4280e-01	2.8553e-01	8.0288e-06	4.0351e-05	1.9474e-04	8.9040e-08	8.1026e-11	5.7137e-01	
2.9656e-02	1.0732e+03	1.0000e+05	2.8829e-01	5.3957e-05	1.4280e-01	2.8553e-01	8.0285e-06	4.0350e-05	1.9474e-04	8.9037e-08	8.1025e-11	5.7137e-01	
3.0961e-02	1.0732e+03	1.0000e+05	2.8829e-01	5.3956e-05	1.4280e-01	2.8553e-01	8.0288e-06	4.0351e-05	1.9474e-04	8.9039e-08	8.1028e-11	5.7137e-01	
3.2266e-02	1.0732e+03	1.0000e+05	2.8829e-01	5.3956e-05	1.4280e-01	2.8553e-01	8.0288e-06	4.0351e-05	1.9474e-04	8.9039e-08	8.1025e-11	5.7137e-01	
3.3571e-02	1.0732e+03	1.0000e+05	2.8829e-01	5.3956e-05	1.4280e-01	2.8553e-01	8.0286e-06	4.0350e-05	1.9474e-04	8.9038e-08	8.1026e-11	5.7137e-01	
3.5712e-02	1.0732e+03	1.0000e+05	2.8829e-01	5.3956e-05	1.4280e-01	2.8553e-01	8.0287e-06	4.0350e-05	1.9474e-04	8.9039e-08	8.1030e-11	5.7137e-01	
3.7853e-02	1.0732e+03	1.0000e+05	2.8829e-01	5.3956e-05	1.4280e-01	2.8553e-01	8.0288e-06	4.0351e-05	1.9474e-04	8.9039e-08	8.1028e-11	5.7137e-01	
3.9994e-02	1.0732e+03	1.0000e+05	2.8829e-01	5.3956e-05	1.4280e-01	2.8553e-01	8.0287e-06	4.0350e-05	1.9474e-04	8.9039e-08	8.1029e-11	5.7137e-01	
4.3268e-02	1.0732e+03	1.0000e+05	2.8829e-01	5.3956e-05	1.4280e-01	2.8553e-01	8.0287e-06	4.0351e-05	1.9474e-04	8.9038e-08	8.1026e-11	5.7137e-01	
4.6542e-02	1.0732e+03	1.0000e+05	2.8829e-01	5.3956e-05	1.4280e-01	2.8553e-01	8.0287e-06	4.0351e-05	1.9474e-04	8.9039e-08	8.1026e-11	5.7137e-01	
5.2591e-02	1.0732e+03	1.0000e+05	2.8829e-01	5.3956e-05	1.4280e-01	2.8553e-01	8.0287e-06	4.0351e-05	1.9474e-04	8.9038e-08	8.1027e-11	5.7137e-01	
6.2045e-02	1.0732e+03	1.0000e+05	2.8829e-01	5.3956e-05	1.4280e-01	2.8553e-01	8.0287e-06	4.0351e-05	1.9474e-04	8.9038e-08	8.1028e-11	5.7137e-01	
7.1499e-02	1.0732e+03	1.0000e+05	2.8829e-01	5.3956e-05	1.4280e-01	2.8553e-01	8.0287e-06	4.0351e-05	1.9474e-04	8.9038e-08	8.1027e-11	5.7137e-01	
8.0953e-02	1.0732e+03	1.0000e+05	2.8829e-01	5.3956e-05	1.4280e-01	2.8553e-01	8.0287e-06	4.0351e-05	1.9474e-04	8.9038e-08	8.1026e-11	5.7137e-01	
1.1258e-01	1.0732e+03	1.0000e+05	2.8829e-01	5.3956e-05	1.4280e-01	2.8553e-01	8.0287e-06	4.0351e-05	1.9474e-04	8.9039e-08	8.1026e-11	5.7137e-01	
1.7641e-01	1.0732e+03	1.0000e+05	2.8829e-01	5.3957e-05	1.4280e-01	2.8553e-01	8.0287e-06	4.0351e-05	1.9474e-04	8.9039e-08	8.1026e-11	5.7137e-01	
2.4024e-01	1.0732e+03	1.0000e+05	2.8829e-01	5.3956e-05	1.4280e-01	2.8553e-01	8.0287e-06	4.0351e-05	1.9474e-04	8.9039e-08	8.1026e-11	5.7137e-01	
8.7854e-01	1.0732e+03	1.0000e+05	2.8829e-01	5.3956e-05	1.4280e-01	2.8553e-01	8.0287e-06	4.0351e-05	1.9474e-04	8.9039e-08	8.1026e-11	5.7137e-01	
3.8714e+00	1.0732e+03	1.0000e+05	2.8829e-01	5.3956e-05	1.4280e-01	2.8553e-01	8.0287e-06	4.0351e-05	1.9474e-04	8.9039e-08	8.1026e-11	5.7137e-01	
1.0000e+01	1.0732e+03	1.0000e+05	2.8829e-01	5.3956e-05	1.4280e-01	2.8553e-01	8.0287e-06	4.0351e-05	1.9474e-04	8.9039e-08	8.1026e-11	5.7137e-01	
